ID,Name,Date,Time,Event,Status,Latitude,Longitude,Maximum Wind,Minimum Pressure,Low Wind NE,Low Wind SE,Low Wind SW,Low Wind NW,Moderate Wind NE,Moderate Wind SE,Moderate Wind SW,Moderate Wind NW,High Wind NE,High Wind SE,High Wind SW,High Wind NWAL061971,               BETH,19710813,1200,  , TD,33.5N,74.1W,30,-999,-999,-999,-999,-999,-999,-999,-999,-999,-999,-999,-999,-999
AL012010,               ALEX,20100624,1800,  , LO,15.9N,82.0W,25,1007,0,0,0,0,0,0,0,0,0,0,0,0
AL012010,               ALEX,20100625,0,  , LO,16.0N,82.1W,25,1006,0,0,0,0,0,0,0,0,0,0,0,0
AL012010,               ALEX,20100625,600,  , LO,16.1N,82.3W,25,1006,0,0,0,0,0,0,0,0,0,0,0,0
AL012010,               ALEX,20100625,1200,  , LO,16.2N,82.5W,30,1005,0,0,0,0,0,0,0,0,0,0,0,0
AL012010,               ALEX,20100625,1800,  , TD,16.4N,83.1W,30,1005,0,0,0,0,0,0,0,0,0,0,0,0
AL012010,               ALEX,20100626,0,  , TD,16.6N,83.9W,30,1004,0,0,0,0,0,0,0,0,0,0,0,0
AL012010,               ALEX,20100626,600,  , TS,16.7N,84.9W,40,1004,90,90,0,0,0,0,0,0,0,0,0,0
AL012010,               ALEX,20100626,1200,  , TS,16.9N,86.1W,40,1004,90,90,0,0,0,0,0,0,0,0,0,0
AL012010,               ALEX,20100626,1800,  , TS,17.2N,87.2W,55,996,100,75,30,30,0,0,20,0,0,0,0,0
AL012010,               ALEX,20100627,0, L, TS,17.5N,88.2W,55,995,90,75,30,30,0,15,15,0,0,0,0,0
AL012010,               ALEX,20100627,600,  , TS,18.0N,89.1W,55,991,90,90,30,30,0,15,15,0,0,0,0,0
AL012010,               ALEX,20100627,1200,  , TS,18.5N,90.0W,45,992,60,30,30,60,0,0,0,0,0,0,0,0
AL012010,               ALEX,20100627,1800,  , TS,18.9N,90.7W,35,993,30,30,30,30,0,0,0,0,0,0,0,0
AL012010,               ALEX,20100628,0,  , TS,19.2N,91.1W,40,991,60,30,30,60,0,0,0,0,0,0,0,0
AL012010,               ALEX,20100628,600,  , TS,19.5N,91.4W,40,991,60,30,30,60,0,0,0,0,0,0,0,0
AL012010,               ALEX,20100628,1200,  , TS,20.0N,91.6W,50,989,60,30,30,60,25,0,0,0,0,0,0,0
AL012010,               ALEX,20100628,1800,  , TS,20.3N,91.7W,50,990,60,30,30,60,25,0,0,0,0,0,0,0
AL012010,               ALEX,20100629,0,  , TS,20.7N,91.7W,55,987,60,60,30,60,25,0,0,0,0,0,0,0
AL012010,               ALEX,20100629,600,  , TS,21.5N,91.9W,55,985,90,90,30,60,45,20,15,20,0,0,0,0
AL012010,               ALEX,20100629,1200,  , TS,22.4N,92.7W,60,983,120,100,50,100,60,30,15,20,0,0,0,0
AL012010,               ALEX,20100629,1800,  , TS,22.9N,93.6W,60,981,150,100,50,100,60,30,15,20,0,0,0,0
AL012010,               ALEX,20100630,0,  , HU,23.0N,94.4W,65,973,150,150,75,130,80,80,30,40,15,15,15,15
AL012010,               ALEX,20100630,600,  , HU,23.1N,94.8W,70,966,180,150,90,130,80,80,30,40,20,20,15,15
AL012010,               ALEX,20100630,1200,  , HU,23.5N,95.2W,75,958,180,150,100,130,80,80,30,40,50,20,15,15
AL012010,               ALEX,20100630,1500, T, HU,24.0N,95.5W,75,958,180,150,100,130,80,80,30,40,50,20,15,15
AL012010,               ALEX,20100630,1800,  , HU,24.3N,96.2W,80,962,180,180,120,130,90,80,60,40,50,30,15,15
AL012010,               ALEX,20100701,0,  , HU,24.3N,97.3W,90,948,180,180,120,120,90,90,60,50,50,30,15,15
AL012010,               ALEX,20100701,200, L, HU,24.2N,97.7W,95,946,180,180,120,120,90,90,60,50,50,30,15,15
AL012010,               ALEX,20100701,600,  , HU,24.1N,98.4W,75,963,180,180,120,90,75,75,30,30,20,20,10,10
AL012010,               ALEX,20100701,1200,  , TS,23.5N,99.5W,60,977,120,120,120,75,50,50,25,25,0,0,0,0
AL012010,               ALEX,20100701,1800,  , TS,23.1N,100.7W,40,987,60,60,105,60,0,0,0,0,0,0,0,0
AL012010,               ALEX,20100702,0,  , TD,23.2N,101.9W,30,997,0,0,0,0,0,0,0,0,0,0,0,0
AL022010,                TWO,20100707,600,  , LO,21.5N,91.1W,25,1006,0,0,0,0,0,0,0,0,0,0,0,0
AL022010,                TWO,20100707,1200,  , LO,22.1N,92.0W,25,1006,0,0,0,0,0,0,0,0,0,0,0,0
AL022010,                TWO,20100707,1800,  , LO,22.8N,92.8W,30,1006,0,0,0,0,0,0,0,0,0,0,0,0
AL022010,                TWO,20100708,0,  , TD,23.7N,93.7W,30,1005,0,0,0,0,0,0,0,0,0,0,0,0
AL022010,                TWO,20100708,600,  , TD,24.7N,95.0W,30,1006,0,0,0,0,0,0,0,0,0,0,0,0
AL022010,                TWO,20100708,1200,  , TD,26.1N,96.6W,30,1006,0,0,0,0,0,0,0,0,0,0,0,0
AL022010,                TWO,20100708,1400, L, TD,26.1N,97.1W,30,1006,0,0,0,0,0,0,0,0,0,0,0,0
AL022010,                TWO,20100708,1800,  , TD,26.1N,97.8W,25,1007,0,0,0,0,0,0,0,0,0,0,0,0
AL022010,                TWO,20100709,0,  , TD,25.9N,98.8W,25,1007,0,0,0,0,0,0,0,0,0,0,0,0
AL022010,                TWO,20100709,600,  , LO,26.1N,99.7W,20,1008,0,0,0,0,0,0,0,0,0,0,0,0
AL022010,                TWO,20100709,1200,  , LO,26.5N,100.6W,20,1009,0,0,0,0,0,0,0,0,0,0,0,0
AL022010,                TWO,20100709,1800,  , LO,27.3N,101.3W,20,1010,0,0,0,0,0,0,0,0,0,0,0,0
AL022010,                TWO,20100710,0,  , LO,28.1N,102.2W,20,1010,0,0,0,0,0,0,0,0,0,0,0,0
AL032010,             BONNIE,20100722,600,  , TD,21.5N,73.8W,30,1009,0,0,0,0,0,0,0,0,0,0,0,0
AL032010,             BONNIE,20100722,1200,  , TD,21.7N,74.4W,30,1008,0,0,0,0,0,0,0,0,0,0,0,0
AL032010,             BONNIE,20100722,1800,  , TD,22.2N,74.9W,30,1007,0,0,0,0,0,0,0,0,0,0,0,0
AL032010,             BONNIE,20100722,2315, L, TS,23.0N,75.7W,35,1006,30,0,0,0,0,0,0,0,0,0,0,0
AL032010,             BONNIE,20100723,0,  , TS,23.1N,75.9W,35,1006,40,0,0,0,0,0,0,0,0,0,0,0
AL032010,             BONNIE,20100723,515, L, TS,23.7N,77.5W,40,1005,70,0,0,40,0,0,0,0,0,0,0,0
AL032010,             BONNIE,20100723,600,  , TS,23.8N,77.8W,40,1005,75,0,0,45,0,0,0,0,0,0,0,0
AL032010,             BONNIE,20100723,1200,  , TS,24.8N,79.7W,35,1006,75,45,0,45,0,0,0,0,0,0,0,0
AL032010,             BONNIE,20100723,1430, L, TS,25.4N,80.2W,35,1007,75,40,0,40,0,0,0,0,0,0,0,0
AL032010,             BONNIE,20100723,1800,  , TD,25.8N,81.1W,30,1008,0,0,0,0,0,0,0,0,0,0,0,0
AL032010,             BONNIE,20100724,0,  , TD,26.3N,82.6W,30,1010,0,0,0,0,0,0,0,0,0,0,0,0
AL032010,             BONNIE,20100724,600,  , TD,26.7N,84.4W,30,1013,0,0,0,0,0,0,0,0,0,0,0,0
AL032010,             BONNIE,20100724,1200,  , TD,27.5N,85.9W,25,1013,0,0,0,0,0,0,0,0,0,0,0,0
AL032010,             BONNIE,20100724,1800,  , TD,28.1N,87.1W,25,1013,0,0,0,0,0,0,0,0,0,0,0,0
AL032010,             BONNIE,20100725,0,  , LO,28.6N,88.3W,25,1012,0,0,0,0,0,0,0,0,0,0,0,0
AL032010,             BONNIE,20100725,600,  , LO,29.2N,89.5W,25,1012,0,0,0,0,0,0,0,0,0,0,0,0
AL032010,             BONNIE,20100725,1200,  , LO,29.8N,90.5W,20,1012,0,0,0,0,0,0,0,0,0,0,0,0
AL032010,             BONNIE,20100725,1800,  , LO,30.1N,91.0W,15,1014,0,0,0,0,0,0,0,0,0,0,0,0
AL042010,              COLIN,20100802,1200,  , TD,12.5N,40.7W,30,1007,0,0,0,0,0,0,0,0,0,0,0,0
AL042010,              COLIN,20100802,1800,  , TD,12.9N,42.4W,30,1007,0,0,0,0,0,0,0,0,0,0,0,0
AL042010,              COLIN,20100803,0,  , TD,13.3N,44.4W,30,1007,0,0,0,0,0,0,0,0,0,0,0,0
AL042010,              COLIN,20100803,600,  , TS,13.7N,46.6W,35,1006,30,0,0,30,0,0,0,0,0,0,0,0
AL042010,              COLIN,20100803,1200,  , TS,14.3N,49.3W,35,1007,30,0,0,30,0,0,0,0,0,0,0,0
AL042010,              COLIN,20100803,1800,  , DB,15.3N,52.2W,35,1009,60,0,0,45,0,0,0,0,0,0,0,0
AL042010,              COLIN,20100804,0,  , DB,16.1N,54.8W,35,1009,90,0,0,60,0,0,0,0,0,0,0,0
AL042010,              COLIN,20100804,600,  , DB,17.0N,57.2W,35,1009,120,0,0,60,0,0,0,0,0,0,0,0
AL042010,              COLIN,20100804,1200,  , DB,18.0N,59.5W,35,1009,150,0,0,45,0,0,0,0,0,0,0,0
AL042010,              COLIN,20100804,1800,  , DB,19.2N,61.1W,40,1009,120,0,0,0,0,0,0,0,0,0,0,0
AL042010,              COLIN,20100805,0,  , DB,20.4N,62.5W,40,1009,120,0,0,0,0,0,0,0,0,0,0,0
AL042010,              COLIN,20100805,600,  , DB,21.7N,63.7W,40,1009,120,0,0,0,0,0,0,0,0,0,0,0
AL042010,              COLIN,20100805,1200,  , TS,23.0N,64.9W,40,1008,90,0,0,0,0,0,0,0,0,0,0,0
AL042010,              COLIN,20100805,1800,  , TS,24.4N,65.8W,45,1007,90,60,0,0,0,0,0,0,0,0,0,0
AL042010,              COLIN,20100805,2100, I, TS,25.0N,66.1W,50,1005,90,60,0,0,25,25,0,0,0,0,0,0
AL042010,              COLIN,20100806,0,  , TS,25.6N,66.6W,50,1006,90,60,0,0,25,25,0,0,0,0,0,0
AL042010,              COLIN,20100806,600,  , TS,26.4N,67.2W,40,1007,90,90,0,0,0,0,0,0,0,0,0,0
AL042010,              COLIN,20100806,1200,  , TS,27.0N,67.1W,40,1007,90,90,0,0,0,0,0,0,0,0,0,0
AL042010,              COLIN,20100806,1800,  , TS,27.7N,66.9W,40,1008,90,90,0,0,0,0,0,0,0,0,0,0
AL042010,              COLIN,20100807,0,  , TS,28.5N,66.6W,40,1008,90,90,0,0,0,0,0,0,0,0,0,0
AL042010,              COLIN,20100807,600,  , TS,28.9N,66.4W,35,1009,90,90,0,0,0,0,0,0,0,0,0,0
AL042010,              COLIN,20100807,1200,  , TS,29.1N,66.2W,35,1010,90,90,0,0,0,0,0,0,0,0,0,0
AL042010,              COLIN,20100807,1800,  , TS,29.3N,65.9W,35,1012,90,90,0,0,0,0,0,0,0,0,0,0
AL042010,              COLIN,20100808,0,  , TD,29.7N,65.7W,30,1012,0,0,0,0,0,0,0,0,0,0,0,0
AL042010,              COLIN,20100808,600,  , TD,30.3N,65.7W,30,1013,0,0,0,0,0,0,0,0,0,0,0,0
AL052010,               FIVE,20100810,600,  , LO,25.7N,83.0W,25,1008,0,0,0,0,0,0,0,0,0,0,0,0
AL052010,               FIVE,20100810,1200,  , LO,25.7N,83.3W,25,1008,0,0,0,0,0,0,0,0,0,0,0,0
AL052010,               FIVE,20100810,1800,  , TD,25.9N,83.7W,30,1008,0,0,0,0,0,0,0,0,0,0,0,0
AL052010,               FIVE,20100811,0,  , TD,26.1N,84.1W,30,1008,0,0,0,0,0,0,0,0,0,0,0,0
AL052010,               FIVE,20100811,600,  , LO,26.5N,85.0W,30,1008,0,0,0,0,0,0,0,0,0,0,0,0
AL052010,               FIVE,20100811,1200,  , LO,27.1N,86.1W,25,1008,0,0,0,0,0,0,0,0,0,0,0,0
AL052010,               FIVE,20100811,1800,  , LO,28.0N,87.5W,25,1009,0,0,0,0,0,0,0,0,0,0,0,0
AL052010,               FIVE,20100812,0,  , LO,29.0N,88.4W,25,1009,0,0,0,0,0,0,0,0,0,0,0,0
AL052010,               FIVE,20100812,600,  , LO,29.4N,88.8W,25,1008,0,0,0,0,0,0,0,0,0,0,0,0
AL052010,               FIVE,20100812,1200,  , LO,29.7N,89.0W,25,1008,0,0,0,0,0,0,0,0,0,0,0,0
AL052010,               FIVE,20100812,1800,  , LO,29.8N,89.0W,25,1008,0,0,0,0,0,0,0,0,0,0,0,0
AL052010,               FIVE,20100813,0,  , LO,30.0N,88.9W,25,1007,0,0,0,0,0,0,0,0,0,0,0,0
AL052010,               FIVE,20100813,600,  , LO,30.4N,88.8W,25,1007,0,0,0,0,0,0,0,0,0,0,0,0
AL052010,               FIVE,20100813,1200,  , LO,30.8N,88.6W,25,1008,0,0,0,0,0,0,0,0,0,0,0,0
AL052010,               FIVE,20100813,1800,  , LO,31.4N,88.0W,25,1008,0,0,0,0,0,0,0,0,0,0,0,0
AL052010,               FIVE,20100814,0,  , LO,32.0N,87.3W,20,1009,0,0,0,0,0,0,0,0,0,0,0,0
AL052010,               FIVE,20100814,600,  , LO,32.5N,86.5W,15,1010,0,0,0,0,0,0,0,0,0,0,0,0
AL052010,               FIVE,20100814,1200,  , LO,32.8N,85.9W,15,1011,0,0,0,0,0,0,0,0,0,0,0,0
AL052010,               FIVE,20100814,1800,  , LO,33.0N,85.4W,15,1012,0,0,0,0,0,0,0,0,0,0,0,0
AL052010,               FIVE,20100815,0,  , LO,32.8N,85.0W,15,1012,0,0,0,0,0,0,0,0,0,0,0,0
AL052010,               FIVE,20100815,600,  , LO,32.5N,84.9W,15,1013,0,0,0,0,0,0,0,0,0,0,0,0
AL052010,               FIVE,20100815,1200,  , LO,32.0N,85.0W,15,1013,0,0,0,0,0,0,0,0,0,0,0,0
AL052010,               FIVE,20100815,1800,  , LO,31.5N,85.1W,20,1013,0,0,0,0,0,0,0,0,0,0,0,0
AL052010,               FIVE,20100816,0,  , LO,30.8N,85.3W,20,1011,0,0,0,0,0,0,0,0,0,0,0,0
AL052010,               FIVE,20100816,600,  , LO,30.0N,85.6W,20,1010,0,0,0,0,0,0,0,0,0,0,0,0
AL052010,               FIVE,20100816,1200,  , LO,29.3N,86.0W,20,1009,0,0,0,0,0,0,0,0,0,0,0,0
AL052010,               FIVE,20100816,1800,  , LO,29.3N,86.8W,25,1008,0,0,0,0,0,0,0,0,0,0,0,0
AL052010,               FIVE,20100817,0,  , LO,29.6N,87.7W,25,1007,0,0,0,0,0,0,0,0,0,0,0,0
AL052010,               FIVE,20100817,600,  , LO,30.0N,88.6W,25,1008,0,0,0,0,0,0,0,0,0,0,0,0
AL052010,               FIVE,20100817,1200,  , LO,30.7N,89.4W,25,1008,0,0,0,0,0,0,0,0,0,0,0,0
AL052010,               FIVE,20100817,1800,  , LO,31.3N,90.3W,20,1009,0,0,0,0,0,0,0,0,0,0,0,0
AL052010,               FIVE,20100818,0,  , LO,31.7N,91.0W,15,1010,0,0,0,0,0,0,0,0,0,0,0,0
AL062010,           DANIELLE,20100821,1200,  , LO,10.7N,31.1W,25,1009,0,0,0,0,0,0,0,0,0,0,0,0
AL062010,           DANIELLE,20100821,1800,  , TD,11.0N,31.7W,25,1008,0,0,0,0,0,0,0,0,0,0,0,0
AL062010,           DANIELLE,20100822,0,  , TD,11.4N,32.4W,30,1007,0,0,0,0,0,0,0,0,0,0,0,0
AL062010,           DANIELLE,20100822,600,  , TS,11.8N,33.1W,35,1005,30,30,0,0,0,0,0,0,0,0,0,0
AL062010,           DANIELLE,20100822,1200,  , TS,12.4N,33.9W,35,1005,30,30,0,0,0,0,0,0,0,0,0,0
AL062010,           DANIELLE,20100822,1800,  , TS,13.2N,34.8W,35,1004,30,30,0,0,0,0,0,0,0,0,0,0
AL062010,           DANIELLE,20100823,0,  , TS,13.8N,35.9W,45,1000,30,30,45,45,0,0,0,0,0,0,0,0
AL062010,           DANIELLE,20100823,600,  , TS,14.2N,37.4W,50,997,45,45,45,60,20,0,0,20,0,0,0,0
AL062010,           DANIELLE,20100823,1200,  , TS,14.7N,39.1W,55,994,45,45,45,60,20,0,0,20,0,0,0,0
AL062010,           DANIELLE,20100823,1800,  , HU,15.2N,40.9W,65,987,60,45,45,60,20,20,0,20,15,10,0,15
AL062010,           DANIELLE,20100824,0,  , HU,15.4N,42.6W,75,982,75,60,60,75,40,30,20,40,20,15,0,20
AL062010,           DANIELLE,20100824,600,  , HU,15.6N,44.2W,80,977,90,60,60,90,50,35,25,40,25,15,10,25
AL062010,           DANIELLE,20100824,1200,  , HU,16.2N,45.8W,70,984,120,90,60,90,60,45,30,60,25,15,10,25
AL062010,           DANIELLE,20100824,1800,  , HU,17.0N,47.5W,65,987,120,90,60,90,60,45,30,45,25,15,10,25
AL062010,           DANIELLE,20100825,0,  , HU,17.7N,49.0W,70,984,120,90,60,90,60,45,30,45,25,15,0,25
AL062010,           DANIELLE,20100825,600,  , HU,18.4N,50.4W,70,984,120,90,60,90,60,45,30,45,25,15,10,25
AL062010,           DANIELLE,20100825,1200,  , HU,19.4N,51.6W,70,984,120,90,60,90,60,45,30,45,25,15,10,25
AL062010,           DANIELLE,20100825,1800,  , HU,20.7N,52.6W,75,980,120,90,60,90,60,45,30,45,25,15,10,25
AL062010,           DANIELLE,20100826,0,  , HU,22.0N,53.6W,80,977,150,105,90,120,75,50,40,60,35,25,20,30
AL062010,           DANIELLE,20100826,600,  , HU,23.1N,54.6W,85,973,150,105,90,120,75,50,40,60,35,25,20,30
AL062010,           DANIELLE,20100826,1200,  , HU,24.0N,55.4W,85,973,150,105,90,120,75,50,40,60,35,25,20,30
AL062010,           DANIELLE,20100826,1800,  , HU,24.8N,56.4W,90,970,150,105,90,120,75,50,40,60,40,25,20,40
AL062010,           DANIELLE,20100827,0,  , HU,25.6N,57.3W,95,966,180,120,105,120,90,60,50,75,40,35,20,40
AL062010,           DANIELLE,20100827,600,  , HU,26.2N,58.3W,110,953,180,120,105,120,90,60,60,90,50,40,30,45
AL062010,           DANIELLE,20100827,1200,  , HU,26.5N,59.3W,110,948,180,120,105,150,90,60,60,90,50,40,30,45
AL062010,           DANIELLE,20100827,1800,  , HU,27.1N,60.1W,115,942,180,150,130,150,90,75,75,90,50,50,35,50
AL062010,           DANIELLE,20100828,0,  , HU,27.7N,60.5W,105,946,180,150,130,150,90,75,75,90,50,50,35,50
AL062010,           DANIELLE,20100828,600,  , HU,28.3N,61.0W,95,950,180,150,150,150,90,75,75,90,50,50,35,50
AL062010,           DANIELLE,20100828,1200,  , HU,28.9N,60.8W,95,952,180,150,150,150,90,75,75,90,50,50,35,50
AL062010,           DANIELLE,20100828,1800,  , HU,29.6N,60.2W,90,955,210,150,150,150,90,75,75,90,60,60,40,55
AL062010,           DANIELLE,20100829,0,  , HU,30.9N,59.2W,85,958,210,180,180,180,90,75,75,90,60,60,40,55
AL062010,           DANIELLE,20100829,600,  , HU,32.4N,57.9W,80,964,210,180,180,180,90,75,90,90,60,60,40,55
AL062010,           DANIELLE,20100829,1200,  , HU,34.7N,56.2W,75,966,210,240,180,180,90,120,90,90,45,60,45,40
AL062010,           DANIELLE,20100829,1800,  , HU,37.3N,55.0W,75,968,210,270,180,210,120,150,90,90,60,75,60,0
AL062010,           DANIELLE,20100830,0,  , HU,38.7N,53.8W,70,969,210,270,180,210,120,150,90,90,60,75,60,0
AL062010,           DANIELLE,20100830,600,  , HU,40.0N,52.8W,65,970,240,270,180,240,120,150,90,90,60,75,60,0
AL062010,           DANIELLE,20100830,1200,  , HU,40.6N,51.6W,65,970,240,270,180,210,120,150,90,90,60,75,60,0
AL062010,           DANIELLE,20100830,1800,  , TS,41.0N,50.2W,60,973,240,270,240,210,90,150,90,90,0,0,0,0
AL062010,           DANIELLE,20100831,0,  , LO,41.1N,48.0W,60,976,240,300,300,240,90,150,90,90,0,0,0,0
AL062010,           DANIELLE,20100831,600,  , LO,41.2N,44.8W,55,981,270,360,300,240,90,150,90,90,0,0,0,0
AL062010,           DANIELLE,20100831,1200,  , LO,41.3N,41.0W,55,985,270,300,300,210,45,150,90,90,0,0,0,0
AL062010,           DANIELLE,20100831,1800,  , EX,42.1N,35.9W,50,987,180,240,240,180,45,150,90,90,0,0,0,0
AL062010,           DANIELLE,20100901,0,  , EX,43.5N,30.4W,45,988,180,180,180,90,0,0,0,0,0,0,0,0
AL062010,           DANIELLE,20100901,600,  , EX,44.8N,26.3W,40,990,180,120,120,90,0,0,0,0,0,0,0,0
AL062010,           DANIELLE,20100901,1200,  , EX,46.2N,24.0W,40,991,180,120,120,90,0,0,0,0,0,0,0,0
AL062010,           DANIELLE,20100901,1800,  , EX,47.9N,22.0W,40,992,180,120,120,90,0,0,0,0,0,0,0,0
AL062010,           DANIELLE,20100902,0,  , EX,49.5N,20.7W,40,994,240,0,0,0,0,0,0,0,0,0,0,0
AL062010,           DANIELLE,20100902,600,  , EX,51.1N,19.9W,40,995,240,0,0,0,0,0,0,0,0,0,0,0
AL062010,           DANIELLE,20100902,1200,  , EX,53.0N,20.3W,35,996,240,0,0,0,0,0,0,0,0,0,0,0
AL062010,           DANIELLE,20100902,1800,  , EX,55.0N,21.5W,35,998,180,0,0,0,0,0,0,0,0,0,0,0
AL062010,           DANIELLE,20100903,0,  , EX,57.5N,23.0W,30,998,0,0,0,0,0,0,0,0,0,0,0,0
AL072010,               EARL,20100824,0,  , LO,12.4N,19.3W,25,1009,0,0,0,0,0,0,0,0,0,0,0,0
AL072010,               EARL,20100824,600,  , LO,12.8N,20.9W,25,1009,0,0,0,0,0,0,0,0,0,0,0,0
AL072010,               EARL,20100824,1200,  , LO,13.2N,22.6W,30,1008,0,0,0,0,0,0,0,0,0,0,0,0
AL072010,               EARL,20100824,1800,  , LO,13.6N,24.3W,30,1008,0,0,0,0,0,0,0,0,0,0,0,0
AL072010,               EARL,20100825,0,  , LO,13.9N,26.0W,30,1008,0,0,0,0,0,0,0,0,0,0,0,0
AL072010,               EARL,20100825,600,  , TD,14.1N,27.8W,30,1007,0,0,0,0,0,0,0,0,0,0,0,0
AL072010,               EARL,20100825,1200,  , TS,14.3N,29.7W,35,1006,50,30,0,50,0,0,0,0,0,0,0,0
AL072010,               EARL,20100825,1800,  , TS,14.5N,31.5W,35,1006,50,30,0,50,0,0,0,0,0,0,0,0
AL072010,               EARL,20100826,0,  , TS,14.7N,33.0W,35,1006,50,30,0,50,0,0,0,0,0,0,0,0
AL072010,               EARL,20100826,600,  , TS,14.9N,34.5W,40,1004,50,30,0,50,0,0,0,0,0,0,0,0
AL072010,               EARL,20100826,1200,  , TS,15.1N,36.0W,40,1004,75,50,0,75,0,0,0,0,0,0,0,0
AL072010,               EARL,20100826,1800,  , TS,15.3N,37.7W,40,1004,75,50,0,75,0,0,0,0,0,0,0,0
AL072010,               EARL,20100827,0,  , TS,15.5N,39.4W,40,1004,75,60,0,75,0,0,0,0,0,0,0,0
AL072010,               EARL,20100827,600,  , TS,15.7N,41.2W,40,1004,75,60,30,75,0,0,0,0,0,0,0,0
AL072010,               EARL,20100827,1200,  , TS,15.8N,43.1W,40,1004,75,60,30,75,0,0,0,0,0,0,0,0
AL072010,               EARL,20100827,1800,  , TS,15.9N,45.0W,40,1004,100,80,50,100,0,0,0,0,0,0,0,0
AL072010,               EARL,20100828,0,  , TS,16.0N,47.0W,45,1000,100,80,50,100,0,0,0,0,0,0,0,0
AL072010,               EARL,20100828,600,  , TS,16.1N,49.0W,50,996,100,80,50,100,40,30,0,40,0,0,0,0
AL072010,               EARL,20100828,1200,  , TS,16.2N,51.0W,50,996,100,80,60,100,40,30,0,40,0,0,0,0
AL072010,               EARL,20100828,1800,  , TS,16.3N,53.0W,50,996,100,80,60,100,40,30,0,40,0,0,0,0
AL072010,               EARL,20100829,0,  , TS,16.5N,54.8W,55,991,120,100,80,100,60,40,30,50,0,0,0,0
AL072010,               EARL,20100829,600,  , TS,16.7N,56.5W,55,991,130,100,80,100,60,40,30,60,0,0,0,0
AL072010,               EARL,20100829,1200,  , HU,17.0N,58.0W,65,985,130,100,80,100,60,60,30,60,30,20,0,20
AL072010,               EARL,20100829,1800,  , HU,17.3N,59.3W,75,978,150,120,90,120,80,70,40,70,40,30,0,20
AL072010,               EARL,20100830,0,  , HU,17.7N,60.6W,85,971,150,120,100,120,80,80,40,70,40,30,20,30
AL072010,               EARL,20100830,600,  , HU,18.1N,61.9W,95,967,150,120,100,120,80,80,40,70,50,40,30,30
AL072010,               EARL,20100830,1200,  , HU,18.5N,63.1W,105,965,170,140,120,150,100,100,50,80,50,40,30,40
AL072010,               EARL,20100830,1800,  , HU,19.0N,64.2W,115,954,170,150,120,150,100,100,50,80,60,50,30,40
AL072010,               EARL,20100831,0,  , HU,19.6N,65.3W,115,938,180,150,120,150,100,100,50,80,60,50,30,40
AL072010,               EARL,20100831,600,  , HU,20.2N,66.4W,115,931,180,150,120,170,100,100,50,80,60,50,30,50
AL072010,               EARL,20100831,1200,  , HU,20.9N,67.5W,115,935,180,150,120,170,100,100,60,80,70,60,30,50
AL072010,               EARL,20100831,1800,  , HU,21.6N,68.4W,115,940,200,180,120,200,120,120,70,100,80,60,40,60
AL072010,               EARL,20100901,0,  , HU,22.5N,69.4W,110,940,200,180,120,200,120,120,80,100,80,70,40,60
AL072010,               EARL,20100901,600,  , HU,23.6N,70.5W,105,941,220,180,120,220,120,120,80,100,80,70,40,60
AL072010,               EARL,20100901,1200,  , HU,24.7N,71.6W,110,942,220,180,120,220,120,120,80,100,80,70,40,60
AL072010,               EARL,20100901,1800,  , HU,25.9N,72.7W,115,941,220,180,120,220,120,120,80,100,80,70,40,60
AL072010,               EARL,20100902,0,  , HU,27.2N,73.5W,120,932,200,180,120,200,120,120,80,100,80,70,40,60
AL072010,               EARL,20100902,600,  , HU,28.6N,74.3W,125,927,200,180,120,180,120,120,80,100,80,70,40,60
AL072010,               EARL,20100902,1200,  , HU,30.1N,74.8W,115,935,200,180,120,180,120,120,80,100,80,70,40,50
AL072010,               EARL,20100902,1800,  , HU,31.7N,75.1W,100,943,180,180,120,150,100,100,80,80,70,60,40,40
AL072010,               EARL,20100903,0,  , HU,33.0N,74.9W,90,949,180,180,120,150,100,100,80,80,70,60,50,40
AL072010,               EARL,20100903,600,  , HU,34.5N,74.2W,85,955,180,180,150,150,100,100,80,80,60,60,50,40
AL072010,               EARL,20100903,1200,  , HU,36.1N,73.4W,75,959,180,180,150,150,100,100,80,80,60,60,50,40
AL072010,               EARL,20100903,1800,  , HU,37.6N,72.2W,70,960,180,180,150,120,100,120,100,80,60,60,60,30
AL072010,               EARL,20100904,0,  , TS,39.1N,70.6W,60,961,180,180,150,120,100,120,100,80,0,0,0,0
AL072010,               EARL,20100904,600,  , TS,40.7N,68.4W,60,961,180,180,150,110,100,120,100,70,0,0,0,0
AL072010,               EARL,20100904,1200,  , HU,43.0N,65.7W,65,961,180,180,150,110,100,120,100,70,0,60,0,0
AL072010,               EARL,20100904,1500, L, HU,44.3N,64.5W,65,962,180,180,150,110,100,120,100,70,0,60,0,0
AL072010,               EARL,20100904,1800,  , HU,45.5N,63.2W,65,965,180,200,150,90,100,120,80,0,0,60,0,0
AL072010,               EARL,20100904,1900, L, TS,46.0N,62.7W,60,967,180,200,150,90,100,120,80,0,0,0,0,0
AL072010,               EARL,20100905,0,  , EX,48.4N,60.2W,55,971,200,220,120,90,100,120,60,0,0,0,0,0
AL072010,               EARL,20100905,600,  , EX,50.6N,57.5W,50,978,240,240,90,90,120,120,0,0,0,0,0,0
AL072010,               EARL,20100905,1200,  , EX,52.4N,55.4W,45,987,240,240,90,90,0,0,0,0,0,0,0,0
AL072010,               EARL,20100905,1800,  , EX,54.0N,54.1W,40,992,240,220,90,90,0,0,0,0,0,0,0,0
AL072010,               EARL,20100906,0,  , EX,55.7N,53.5W,35,994,240,180,90,90,0,0,0,0,0,0,0,0
AL082010,              FIONA,20100830,0,  , LO,14.0N,41.8W,25,1007,0,0,0,0,0,0,0,0,0,0,0,0
AL082010,              FIONA,20100830,600,  , LO,14.1N,43.8W,30,1007,0,0,0,0,0,0,0,0,0,0,0,0
AL082010,              FIONA,20100830,1200,  , TD,14.4N,45.7W,30,1007,0,0,0,0,0,0,0,0,0,0,0,0
AL082010,              FIONA,20100830,1800,  , TS,14.9N,47.7W,35,1007,105,0,0,0,0,0,0,0,0,0,0,0
AL082010,              FIONA,20100831,0,  , TS,15.5N,50.0W,35,1007,90,0,0,0,0,0,0,0,0,0,0,0
AL082010,              FIONA,20100831,600,  , TS,15.9N,52.5W,35,1006,90,0,0,0,0,0,0,0,0,0,0,0
AL082010,              FIONA,20100831,1200,  , TS,16.1N,54.8W,35,1006,90,0,0,0,0,0,0,0,0,0,0,0
AL082010,              FIONA,20100831,1800,  , TS,16.3N,56.9W,40,1006,90,90,0,45,0,0,0,0,0,0,0,0
AL082010,              FIONA,20100901,0,  , TS,16.6N,58.5W,45,1004,90,90,0,45,0,0,0,0,0,0,0,0
AL082010,              FIONA,20100901,600,  , TS,17.2N,59.8W,50,1001,90,120,0,45,30,30,0,0,0,0,0,0
AL082010,              FIONA,20100901,1200,  , TS,18.2N,61.0W,50,998,90,120,0,60,30,30,0,0,0,0,0,0
AL082010,              FIONA,20100901,1800,  , TS,19.5N,62.5W,55,999,90,120,0,60,30,30,0,0,0,0,0,0
AL082010,              FIONA,20100902,0,  , TS,21.0N,63.8W,50,1000,90,120,0,0,30,30,0,0,0,0,0,0
AL082010,              FIONA,20100902,600,  , TS,22.3N,64.9W,45,1001,105,105,0,0,0,0,0,0,0,0,0,0
AL082010,              FIONA,20100902,1200,  , TS,23.6N,65.9W,45,1002,105,105,0,0,0,0,0,0,0,0,0,0
AL082010,              FIONA,20100902,1800,  , TS,25.0N,66.6W,45,1003,90,90,0,0,0,0,0,0,0,0,0,0
AL082010,              FIONA,20100903,0,  , TS,26.3N,67.0W,40,1005,75,90,0,0,0,0,0,0,0,0,0,0
AL082010,              FIONA,20100903,600,  , TS,27.5N,67.0W,40,1007,75,90,0,0,0,0,0,0,0,0,0,0
AL082010,              FIONA,20100903,1200,  , TS,28.5N,66.7W,35,1010,60,60,0,0,0,0,0,0,0,0,0,0
AL082010,              FIONA,20100903,1800,  , TS,29.6N,66.0W,35,1011,60,60,0,0,0,0,0,0,0,0,0,0
AL082010,              FIONA,20100904,0,  , LO,30.7N,65.0W,35,1011,45,45,0,0,0,0,0,0,0,0,0,0
AL082010,              FIONA,20100904,600,  , LO,31.8N,63.9W,30,1011,0,0,0,0,0,0,0,0,0,0,0,0
AL082010,              FIONA,20100904,1200,  , LO,32.9N,62.9W,25,1011,0,0,0,0,0,0,0,0,0,0,0,0
AL082010,              FIONA,20100904,1800,  , LO,34.1N,62.0W,25,1011,0,0,0,0,0,0,0,0,0,0,0,0
AL092010,             GASTON,20100901,0,  , LO,12.2N,32.2W,25,1008,0,0,0,0,0,0,0,0,0,0,0,0
AL092010,             GASTON,20100901,600,  , TD,12.4N,33.6W,30,1007,0,0,0,0,0,0,0,0,0,0,0,0
AL092010,             GASTON,20100901,1200,  , TS,12.7N,35.0W,35,1005,0,0,0,35,0,0,0,0,0,0,0,0
AL092010,             GASTON,20100901,1800,  , TS,12.9N,36.1W,35,1005,0,0,0,35,0,0,0,0,0,0,0,0
AL092010,             GASTON,20100902,0,  , TD,13.1N,37.2W,30,1006,0,0,0,0,0,0,0,0,0,0,0,0
AL092010,             GASTON,20100902,600,  , TD,13.2N,38.0W,30,1007,0,0,0,0,0,0,0,0,0,0,0,0
AL092010,             GASTON,20100902,1200,  , TD,13.3N,38.8W,30,1008,0,0,0,0,0,0,0,0,0,0,0,0
AL092010,             GASTON,20100902,1800,  , LO,13.5N,39.5W,25,1009,0,0,0,0,0,0,0,0,0,0,0,0
AL092010,             GASTON,20100903,0,  , LO,13.8N,40.1W,25,1009,0,0,0,0,0,0,0,0,0,0,0,0
AL092010,             GASTON,20100903,600,  , LO,14.1N,40.6W,25,1009,0,0,0,0,0,0,0,0,0,0,0,0
AL092010,             GASTON,20100903,1200,  , LO,14.5N,41.3W,25,1009,0,0,0,0,0,0,0,0,0,0,0,0
AL092010,             GASTON,20100903,1800,  , LO,15.0N,42.0W,25,1008,0,0,0,0,0,0,0,0,0,0,0,0
AL092010,             GASTON,20100904,0,  , LO,15.4N,43.0W,25,1008,0,0,0,0,0,0,0,0,0,0,0,0
AL092010,             GASTON,20100904,600,  , LO,15.9N,44.2W,30,1008,0,0,0,0,0,0,0,0,0,0,0,0
AL092010,             GASTON,20100904,1200,  , LO,16.3N,45.5W,30,1008,0,0,0,0,0,0,0,0,0,0,0,0
AL092010,             GASTON,20100904,1800,  , LO,16.5N,46.6W,30,1008,0,0,0,0,0,0,0,0,0,0,0,0
AL092010,             GASTON,20100905,0,  , LO,16.7N,47.7W,25,1009,0,0,0,0,0,0,0,0,0,0,0,0
AL092010,             GASTON,20100905,600,  , LO,16.8N,48.8W,25,1009,0,0,0,0,0,0,0,0,0,0,0,0
AL092010,             GASTON,20100905,1200,  , LO,16.9N,50.0W,30,1008,0,0,0,0,0,0,0,0,0,0,0,0
AL092010,             GASTON,20100905,1800,  , LO,17.0N,51.2W,30,1008,0,0,0,0,0,0,0,0,0,0,0,0
AL092010,             GASTON,20100906,0,  , LO,17.1N,52.6W,30,1008,0,0,0,0,0,0,0,0,0,0,0,0
AL092010,             GASTON,20100906,600,  , LO,17.3N,54.0W,30,1009,0,0,0,0,0,0,0,0,0,0,0,0
AL092010,             GASTON,20100906,1200,  , LO,17.4N,55.5W,30,1009,0,0,0,0,0,0,0,0,0,0,0,0
AL092010,             GASTON,20100906,1800,  , LO,17.5N,57.2W,25,1010,0,0,0,0,0,0,0,0,0,0,0,0
AL092010,             GASTON,20100907,0,  , LO,17.4N,59.0W,25,1010,0,0,0,0,0,0,0,0,0,0,0,0
AL092010,             GASTON,20100907,600,  , LO,17.1N,60.8W,25,1010,0,0,0,0,0,0,0,0,0,0,0,0
AL092010,             GASTON,20100907,1200,  , LO,16.8N,62.7W,25,1010,0,0,0,0,0,0,0,0,0,0,0,0
AL092010,             GASTON,20100907,1800,  , LO,16.8N,64.6W,25,1010,0,0,0,0,0,0,0,0,0,0,0,0
AL092010,             GASTON,20100908,0,  , LO,17.0N,66.3W,25,1010,0,0,0,0,0,0,0,0,0,0,0,0
AL092010,             GASTON,20100908,600,  , LO,17.4N,67.7W,25,1010,0,0,0,0,0,0,0,0,0,0,0,0
AL102010,            HERMINE,20100904,1800,  , LO,17.5N,95.6W,20,1006,0,0,0,0,0,0,0,0,0,0,0,0
AL102010,            HERMINE,20100905,0,  , LO,18.3N,95.6W,20,1006,0,0,0,0,0,0,0,0,0,0,0,0
AL102010,            HERMINE,20100905,600,  , LO,19.0N,95.6W,20,1006,0,0,0,0,0,0,0,0,0,0,0,0
AL102010,            HERMINE,20100905,1200,  , LO,19.5N,95.6W,20,1006,0,0,0,0,0,0,0,0,0,0,0,0
AL102010,            HERMINE,20100905,1800,  , TD,20.0N,95.5W,25,1004,0,0,0,0,0,0,0,0,0,0,0,0
AL102010,            HERMINE,20100906,0,  , TD,20.7N,95.0W,30,1002,0,0,0,0,0,0,0,0,0,0,0,0
AL102010,            HERMINE,20100906,600,  , TS,21.8N,95.1W,40,1001,90,60,0,0,0,0,0,0,0,0,0,0
AL102010,            HERMINE,20100906,1200,  , TS,23.0N,95.6W,45,998,90,90,0,30,0,0,0,0,0,0,0,0
AL102010,            HERMINE,20100906,1800,  , TS,24.0N,96.5W,50,995,90,90,20,30,30,30,0,20,0,0,0,0
AL102010,            HERMINE,20100907,0,  , TS,24.9N,97.2W,55,991,90,60,20,30,20,20,0,0,0,0,0,0
AL102010,            HERMINE,20100907,200, L, TS,25.3N,97.4W,60,989,90,60,20,30,20,20,0,0,0,0,0,0
AL102010,            HERMINE,20100907,600,  , TS,26.2N,97.7W,55,990,90,75,20,30,15,15,0,15,0,0,0,0
AL102010,            HERMINE,20100907,1200,  , TS,27.7N,98.1W,45,991,90,90,0,0,0,0,0,0,0,0,0,0
AL102010,            HERMINE,20100907,1800,  , TS,29.4N,98.6W,40,996,40,40,0,0,0,0,0,0,0,0,0,0
AL102010,            HERMINE,20100908,0,  , TD,30.6N,99.1W,30,1003,0,0,0,0,0,0,0,0,0,0,0,0
AL102010,            HERMINE,20100908,600,  , TD,31.6N,99.5W,25,1004,0,0,0,0,0,0,0,0,0,0,0,0
AL102010,            HERMINE,20100908,1200,  , TD,32.7N,99.5W,20,1005,0,0,0,0,0,0,0,0,0,0,0,0
AL102010,            HERMINE,20100908,1800,  , TD,33.7N,98.7W,20,1005,0,0,0,0,0,0,0,0,0,0,0,0
AL102010,            HERMINE,20100909,0,  , TD,34.7N,97.9W,20,1005,0,0,0,0,0,0,0,0,0,0,0,0
AL102010,            HERMINE,20100909,600,  , TD,35.5N,97.2W,20,1005,0,0,0,0,0,0,0,0,0,0,0,0
AL102010,            HERMINE,20100909,1200,  , TD,36.3N,96.4W,20,1005,0,0,0,0,0,0,0,0,0,0,0,0
AL102010,            HERMINE,20100909,1800,  , LO,37.0N,95.5W,20,1005,0,0,0,0,0,0,0,0,0,0,0,0
AL102010,            HERMINE,20100910,0,  , LO,37.5N,95.0W,20,1005,0,0,0,0,0,0,0,0,0,0,0,0
AL112010,               IGOR,20100908,600,  , TD,14.0N,22.7W,30,1006,0,0,0,0,0,0,0,0,0,0,0,0
AL112010,               IGOR,20100908,1200,  , TS,13.8N,23.3W,40,1005,0,45,45,30,0,0,0,0,0,0,0,0
AL112010,               IGOR,20100908,1800,  , TS,13.8N,23.7W,40,1005,0,45,45,30,0,0,0,0,0,0,0,0
AL112010,               IGOR,20100909,0,  , TS,13.8N,24.1W,40,1005,0,45,45,30,0,0,0,0,0,0,0,0
AL112010,               IGOR,20100909,600,  , TS,13.9N,24.8W,35,1005,0,45,45,30,0,0,0,0,0,0,0,0
AL112010,               IGOR,20100909,1200,  , TD,14.2N,25.5W,30,1006,0,0,0,0,0,0,0,0,0,0,0,0
AL112010,               IGOR,20100909,1800,  , TD,14.7N,26.4W,30,1006,0,0,0,0,0,0,0,0,0,0,0,0
AL112010,               IGOR,20100910,0,  , TD,15.4N,27.5W,30,1004,0,0,0,0,0,0,0,0,0,0,0,0
AL112010,               IGOR,20100910,600,  , TD,15.9N,28.7W,30,1004,0,0,0,0,0,0,0,0,0,0,0,0
AL112010,               IGOR,20100910,1200,  , TS,16.3N,30.4W,35,1004,0,0,30,30,0,0,0,0,0,0,0,0
AL112010,               IGOR,20100910,1800,  , TS,16.6N,32.5W,40,1002,0,0,40,40,0,0,0,0,0,0,0,0
AL112010,               IGOR,20100911,0,  , TS,16.9N,34.8W,50,999,0,0,40,40,0,0,0,20,0,0,0,0
AL112010,               IGOR,20100911,600,  , TS,17.1N,37.0W,60,995,40,40,40,40,20,0,0,20,0,0,0,0
AL112010,               IGOR,20100911,1200,  , TS,17.3N,38.7W,60,995,100,60,60,100,45,30,0,30,0,0,0,0
AL112010,               IGOR,20100911,1800,  , TS,17.4N,40.4W,60,995,100,60,60,100,45,30,0,30,0,0,0,0
AL112010,               IGOR,20100912,0,  , HU,17.6N,42.0W,65,987,100,60,60,100,45,30,20,30,15,0,0,15
AL112010,               IGOR,20100912,600,  , HU,17.7N,43.5W,70,985,100,60,60,100,45,30,20,30,15,0,0,15
AL112010,               IGOR,20100912,1200,  , HU,17.7N,44.9W,90,970,120,80,80,120,50,40,30,40,30,15,15,20
AL112010,               IGOR,20100912,1800,  , HU,17.7N,46.1W,115,948,140,110,90,130,70,60,40,60,30,30,15,30
AL112010,               IGOR,20100913,0,  , HU,17.7N,47.3W,130,935,140,110,90,130,70,60,40,60,30,30,15,30
AL112010,               IGOR,20100913,600,  , HU,17.6N,48.3W,130,935,150,140,90,130,70,60,50,60,30,30,15,30
AL112010,               IGOR,20100913,1200,  , HU,17.6N,49.3W,130,933,150,140,100,130,80,60,50,80,45,30,30,45
AL112010,               IGOR,20100913,1800,  , HU,17.6N,50.2W,125,937,180,140,110,140,90,70,60,80,45,30,30,45
AL112010,               IGOR,20100914,0,  , HU,17.7N,50.9W,125,937,180,140,110,140,90,70,60,80,45,30,30,45
AL112010,               IGOR,20100914,600,  , HU,17.9N,51.5W,115,945,180,140,110,140,90,70,60,80,45,30,30,45
AL112010,               IGOR,20100914,1200,  , HU,18.2N,52.1W,115,945,180,140,110,140,90,70,60,80,45,30,30,45
AL112010,               IGOR,20100914,1800,  , HU,18.6N,52.8W,125,933,210,150,130,160,90,70,60,90,45,30,30,45
AL112010,               IGOR,20100915,0,  , HU,18.9N,53.5W,135,924,210,150,130,160,100,70,60,90,45,30,30,45
AL112010,               IGOR,20100915,600,  , HU,19.2N,54.1W,125,935,210,150,130,160,100,80,60,90,45,30,30,45
AL112010,               IGOR,20100915,1200,  , HU,19.5N,54.7W,115,945,210,150,130,160,100,80,60,90,45,30,30,45
AL112010,               IGOR,20100915,1800,  , HU,19.8N,55.3W,115,942,210,175,140,175,120,80,60,100,45,45,30,45
AL112010,               IGOR,20100916,0,  , HU,20.1N,56.0W,120,936,240,210,180,210,120,90,80,100,60,45,45,60
AL112010,               IGOR,20100916,600,  , HU,20.4N,56.5W,125,929,240,210,180,210,130,90,80,110,60,45,45,60
AL112010,               IGOR,20100916,1200,  , HU,20.8N,57.1W,120,934,240,210,180,210,130,90,80,110,60,45,45,60
AL112010,               IGOR,20100916,1800,  , HU,21.4N,57.8W,115,940,250,210,180,225,140,110,100,120,90,60,45,75
AL112010,               IGOR,20100917,0,  , HU,21.8N,58.4W,115,935,250,210,180,225,140,110,100,120,90,60,45,75
AL112010,               IGOR,20100917,600,  , HU,22.2N,59.1W,110,935,250,210,180,240,140,110,100,120,90,60,45,75
AL112010,               IGOR,20100917,1200,  , HU,22.8N,59.9W,100,945,250,210,180,240,140,110,100,120,90,60,45,75
AL112010,               IGOR,20100917,1800,  , HU,23.5N,60.7W,90,947,300,210,200,240,160,110,130,120,90,60,45,75
AL112010,               IGOR,20100918,0,  , HU,24.2N,61.6W,90,947,300,210,200,240,160,110,130,120,90,60,45,75
AL112010,               IGOR,20100918,600,  , HU,24.9N,62.5W,85,939,300,210,200,240,160,110,130,130,90,60,45,75
AL112010,               IGOR,20100918,1200,  , HU,25.7N,63.3W,85,939,300,210,200,240,160,110,130,130,90,60,45,75
AL112010,               IGOR,20100918,1800,  , HU,26.6N,64.0W,80,945,300,225,200,240,160,110,110,130,80,50,45,75
AL112010,               IGOR,20100919,0,  , HU,27.5N,64.6W,80,945,300,225,200,240,160,110,110,150,80,45,45,75
AL112010,               IGOR,20100919,600,  , HU,28.4N,65.2W,75,949,300,225,200,260,160,130,120,140,75,45,60,75
AL112010,               IGOR,20100919,1200,  , HU,29.6N,65.6W,75,949,300,250,200,300,160,130,120,140,75,45,60,75
AL112010,               IGOR,20100919,1800,  , HU,30.8N,65.9W,70,952,300,250,200,300,180,150,120,150,75,60,60,75
AL112010,               IGOR,20100920,0,  , HU,31.9N,65.7W,65,953,300,250,200,300,180,150,120,150,75,60,75,75
AL112010,               IGOR,20100920,600,  , HU,33.2N,65.2W,65,957,350,300,250,300,180,150,120,160,75,50,75,75
AL112010,               IGOR,20100920,1200,  , HU,35.1N,64.2W,65,960,350,300,250,300,180,150,120,160,75,50,75,75
AL112010,               IGOR,20100920,1800,  , HU,37.2N,62.6W,65,960,350,300,250,300,180,150,120,160,75,45,60,75
AL112010,               IGOR,20100921,0,  , HU,39.0N,60.4W,65,960,400,350,300,350,200,180,140,160,75,45,60,75
AL112010,               IGOR,20100921,600,  , HU,41.5N,57.0W,65,960,400,350,300,350,210,180,140,160,75,45,60,75
AL112010,               IGOR,20100921,1200,  , HU,44.8N,54.4W,65,955,400,350,350,350,200,180,140,160,75,45,60,75
AL112010,               IGOR,20100921,1500, L, HU,46.6N,53.2W,75,950,400,350,350,350,200,180,140,160,75,45,60,75
AL112010,               IGOR,20100921,1800,  , EX,48.5N,52.1W,75,950,450,400,350,400,220,210,160,180,0,75,75,75
AL112010,               IGOR,20100922,0,  , EX,51.5N,50.5W,75,950,450,400,350,400,220,210,160,180,0,75,75,75
AL112010,               IGOR,20100922,600,  , EX,53.5N,49.5W,70,950,450,400,350,400,220,210,160,180,0,75,75,75
AL112010,               IGOR,20100922,1200,  , EX,55.5N,49.4W,70,950,450,400,350,400,220,240,160,180,0,75,75,75
AL112010,               IGOR,20100922,1800,  , EX,57.0N,50.0W,65,955,450,400,350,400,220,240,160,180,0,75,75,75
AL112010,               IGOR,20100923,0,  , EX,58.5N,51.0W,60,960,450,400,350,400,220,240,160,180,0,0,0,0
AL122010,              JULIA,20100912,600,  , TD,12.9N,20.5W,30,1007,0,0,0,0,0,0,0,0,0,0,0,0
AL122010,              JULIA,20100912,1200,  , TD,13.0N,21.3W,30,1006,0,0,0,0,0,0,0,0,0,0,0,0
AL122010,              JULIA,20100912,1800,  , TS,13.1N,22.1W,35,1005,45,45,0,60,0,0,0,0,0,0,0,0
AL122010,              JULIA,20100913,0,  , TS,13.5N,23.1W,40,1004,45,45,45,60,0,0,0,0,0,0,0,0
AL122010,              JULIA,20100913,600,  , TS,14.0N,24.2W,40,1004,45,45,45,60,0,0,0,0,0,0,0,0
AL122010,              JULIA,20100913,1200,  , TS,14.5N,25.4W,40,1004,45,45,45,60,0,0,0,0,0,0,0,0
AL122010,              JULIA,20100913,1800,  , TS,15.0N,26.5W,45,1003,45,45,45,60,0,0,0,0,0,0,0,0
AL122010,              JULIA,20100914,0,  , TS,15.3N,27.5W,45,1002,60,45,45,60,0,0,0,0,0,0,0,0
AL122010,              JULIA,20100914,600,  , TS,15.6N,28.4W,60,994,60,45,45,60,30,20,20,20,0,0,0,0
AL122010,              JULIA,20100914,1200,  , HU,15.9N,29.2W,70,987,75,60,45,60,30,30,20,30,20,20,0,20
AL122010,              JULIA,20100914,1800,  , HU,16.1N,29.9W,80,979,75,60,60,60,30,30,20,30,20,20,0,20
AL122010,              JULIA,20100915,0,  , HU,16.4N,30.6W,90,973,90,60,60,60,30,30,20,30,20,20,0,20
AL122010,              JULIA,20100915,600,  , HU,16.9N,31.4W,110,956,90,75,75,75,40,30,30,30,30,20,20,20
AL122010,              JULIA,20100915,1200,  , HU,17.7N,32.2W,120,948,105,75,75,90,40,30,30,30,30,20,20,20
AL122010,              JULIA,20100915,1800,  , HU,18.8N,33.0W,115,951,105,90,75,105,50,40,30,40,30,20,20,30
AL122010,              JULIA,20100916,0,  , HU,19.9N,34.1W,105,958,105,90,75,105,50,40,30,40,30,20,20,30
AL122010,              JULIA,20100916,600,  , HU,20.9N,35.8W,100,962,120,105,75,120,60,50,30,50,30,20,20,30
AL122010,              JULIA,20100916,1200,  , HU,21.8N,37.7W,90,970,120,105,75,120,60,50,30,50,30,20,20,30
AL122010,              JULIA,20100916,1800,  , HU,22.7N,40.0W,80,977,120,105,75,120,60,50,30,50,30,20,20,30
AL122010,              JULIA,20100917,0,  , HU,23.1N,42.0W,75,981,105,105,75,105,60,50,30,50,30,20,20,30
AL122010,              JULIA,20100917,600,  , HU,23.5N,44.0W,75,981,105,105,75,105,60,50,30,50,30,20,20,30
AL122010,              JULIA,20100917,1200,  , HU,23.9N,45.8W,70,983,105,105,75,105,60,50,30,50,30,20,20,30
AL122010,              JULIA,20100917,1800,  , HU,24.6N,47.4W,65,986,120,105,75,105,60,50,30,50,30,20,0,30
AL122010,              JULIA,20100918,0,  , TS,25.6N,48.7W,60,988,135,120,75,105,70,50,30,40,0,0,0,0
AL122010,              JULIA,20100918,600,  , TS,26.9N,49.8W,55,991,150,135,75,105,80,60,30,40,0,0,0,0
AL122010,              JULIA,20100918,1200,  , TS,28.3N,50.7W,50,994,150,150,75,105,90,60,0,0,0,0,0,0
AL122010,              JULIA,20100918,1800,  , TS,29.8N,51.4W,50,993,150,165,75,105,100,70,0,0,0,0,0,0
AL122010,              JULIA,20100919,0,  , TS,31.4N,51.8W,55,989,150,180,75,105,100,80,0,30,0,0,0,0
AL122010,              JULIA,20100919,600,  , TS,32.8N,52.0W,50,993,150,180,75,105,100,80,0,30,0,0,0,0
AL122010,              JULIA,20100919,1200,  , TS,33.9N,51.4W,45,995,150,180,90,105,0,0,0,0,0,0,0,0
AL122010,              JULIA,20100919,1800,  , TS,34.6N,50.2W,45,995,150,195,105,105,0,0,0,0,0,0,0,0
AL122010,              JULIA,20100920,0,  , TS,34.9N,49.2W,45,995,150,210,120,105,0,0,0,0,0,0,0,0
AL122010,              JULIA,20100920,600,  , TS,34.9N,48.0W,40,997,150,195,105,105,0,0,0,0,0,0,0,0
AL122010,              JULIA,20100920,1200,  , TS,34.7N,46.9W,40,999,150,180,90,120,0,0,0,0,0,0,0,0
AL122010,              JULIA,20100920,1800,  , LO,34.6N,46.0W,40,1002,135,150,75,120,0,0,0,0,0,0,0,0
AL122010,              JULIA,20100921,0,  , LO,34.4N,45.1W,40,1003,135,120,0,120,0,0,0,0,0,0,0,0
AL122010,              JULIA,20100921,600,  , LO,34.4N,44.1W,35,1004,120,90,0,105,0,0,0,0,0,0,0,0
AL122010,              JULIA,20100921,1200,  , LO,34.5N,43.0W,35,1005,90,0,0,75,0,0,0,0,0,0,0,0
AL122010,              JULIA,20100921,1800,  , LO,34.5N,41.9W,30,1006,0,0,0,0,0,0,0,0,0,0,0,0
AL122010,              JULIA,20100922,0,  , LO,34.3N,40.9W,30,1007,0,0,0,0,0,0,0,0,0,0,0,0
AL122010,              JULIA,20100922,600,  , LO,33.9N,39.9W,30,1007,0,0,0,0,0,0,0,0,0,0,0,0
AL122010,              JULIA,20100922,1200,  , LO,33.6N,38.8W,30,1007,0,0,0,0,0,0,0,0,0,0,0,0
AL122010,              JULIA,20100922,1800,  , LO,33.2N,38.0W,30,1008,0,0,0,0,0,0,0,0,0,0,0,0
AL122010,              JULIA,20100923,0,  , LO,33.0N,37.8W,30,1008,0,0,0,0,0,0,0,0,0,0,0,0
AL122010,              JULIA,20100923,600,  , LO,32.7N,37.7W,30,1009,0,0,0,0,0,0,0,0,0,0,0,0
AL122010,              JULIA,20100923,1200,  , LO,32.4N,37.8W,30,1009,0,0,0,0,0,0,0,0,0,0,0,0
AL122010,              JULIA,20100923,1800,  , LO,32.0N,38.6W,30,1010,0,0,0,0,0,0,0,0,0,0,0,0
AL122010,              JULIA,20100924,0,  , LO,31.5N,40.0W,30,1010,0,0,0,0,0,0,0,0,0,0,0,0
AL122010,              JULIA,20100924,600,  , LO,31.2N,41.6W,30,1011,0,0,0,0,0,0,0,0,0,0,0,0
AL122010,              JULIA,20100924,1200,  , LO,30.9N,43.1W,30,1011,0,0,0,0,0,0,0,0,0,0,0,0
AL122010,              JULIA,20100924,1800,  , LO,30.6N,44.3W,30,1012,0,0,0,0,0,0,0,0,0,0,0,0
AL132010,               KARL,20100913,1800,  , LO,16.3N,78.5W,25,1005,0,0,0,0,0,0,0,0,0,0,0,0
AL132010,               KARL,20100914,0,  , LO,16.6N,79.8W,25,1004,0,0,0,0,0,0,0,0,0,0,0,0
AL132010,               KARL,20100914,600,  , LO,17.0N,81.1W,25,1003,0,0,0,0,0,0,0,0,0,0,0,0
AL132010,               KARL,20100914,1200,  , TD,17.6N,82.3W,30,1003,0,0,0,0,0,0,0,0,0,0,0,0
AL132010,               KARL,20100914,1800,  , TS,18.1N,83.6W,35,1001,10,10,0,0,0,0,0,0,0,0,0,0
AL132010,               KARL,20100915,0,  , TS,18.3N,85.0W,40,999,25,15,0,15,0,0,0,0,0,0,0,0
AL132010,               KARL,20100915,600,  , TS,18.3N,86.2W,55,997,40,30,30,40,30,25,25,30,0,0,0,0
AL132010,               KARL,20100915,1200,  , TS,18.5N,87.6W,55,991,45,30,30,45,30,25,25,30,0,0,0,0
AL132010,               KARL,20100915,1245, L, TS,18.5N,87.8W,55,991,45,30,30,45,30,25,25,30,0,0,0,0
AL132010,               KARL,20100915,1800,  , TS,18.8N,88.8W,45,994,35,20,20,35,0,0,0,0,0,0,0,0
AL132010,               KARL,20100916,0,  , TS,19.2N,90.1W,40,997,0,0,50,50,0,0,0,0,0,0,0,0
AL132010,               KARL,20100916,600,  , TS,19.4N,91.1W,45,994,15,15,60,50,0,0,0,0,0,0,0,0
AL132010,               KARL,20100916,1200,  , TS,19.6N,92.2W,55,986,45,50,60,50,25,0,0,25,0,0,0,0
AL132010,               KARL,20100916,1800,  , HU,19.6N,93.3W,70,982,60,50,50,60,25,15,15,25,10,0,0,10
AL132010,               KARL,20100917,0,  , HU,19.7N,94.1W,85,971,90,50,50,75,30,15,15,25,15,0,0,10
AL132010,               KARL,20100917,600,  , HU,19.7N,94.9W,95,966,90,70,70,90,40,40,40,40,20,15,15,20
AL132010,               KARL,20100917,1200,  , HU,19.6N,95.6W,110,956,80,70,70,80,40,30,30,40,20,15,15,20
AL132010,               KARL,20100917,1500, T, HU,19.4N,96.0W,110,970,80,70,70,80,40,30,30,40,20,15,15,20
AL132010,               KARL,20100917,1645, L, HU,19.3N,96.2W,100,976,80,70,70,80,40,30,30,40,20,15,15,20
AL132010,               KARL,20100917,1800,  , HU,19.2N,96.4W,90,979,80,70,50,80,40,30,25,40,20,15,10,20
AL132010,               KARL,20100918,0,  , TS,18.7N,97.1W,60,995,30,30,30,30,15,15,15,15,0,0,0,0
AL132010,               KARL,20100918,600,  , TD,18.6N,97.4W,25,1005,0,0,0,0,0,0,0,0,0,0,0,0
AL142010,               LISA,20100920,0,  , LO,15.2N,32.0W,25,1008,0,0,0,0,0,0,0,0,0,0,0,0
AL142010,               LISA,20100920,600,  , LO,15.5N,32.1W,25,1007,0,0,0,0,0,0,0,0,0,0,0,0
AL142010,               LISA,20100920,1200,  , LO,15.9N,32.1W,25,1007,0,0,0,0,0,0,0,0,0,0,0,0
AL142010,               LISA,20100920,1800,  , TD,16.3N,32.0W,30,1006,0,0,0,0,0,0,0,0,0,0,0,0
AL142010,               LISA,20100921,0,  , TS,16.8N,31.9W,35,1005,35,35,0,20,0,0,0,0,0,0,0,0
AL142010,               LISA,20100921,600,  , TS,17.3N,31.8W,40,1003,35,35,0,20,0,0,0,0,0,0,0,0
AL142010,               LISA,20100921,1200,  , TS,17.7N,31.7W,40,1002,35,35,25,25,0,0,0,0,0,0,0,0
AL142010,               LISA,20100921,1800,  , TS,17.8N,31.5W,40,1002,35,35,35,35,0,0,0,0,0,0,0,0
AL142010,               LISA,20100922,0,  , TS,17.6N,31.3W,35,1003,40,40,40,40,0,0,0,0,0,0,0,0
AL142010,               LISA,20100922,600,  , TS,17.3N,30.9W,35,1003,40,40,40,40,0,0,0,0,0,0,0,0
AL142010,               LISA,20100922,1200,  , TS,17.3N,30.4W,35,1003,40,40,40,40,0,0,0,0,0,0,0,0
AL142010,               LISA,20100922,1800,  , TD,17.4N,30.0W,30,1005,0,0,0,0,0,0,0,0,0,0,0,0
AL142010,               LISA,20100923,0,  , TD,17.5N,29.7W,30,1005,0,0,0,0,0,0,0,0,0,0,0,0
AL142010,               LISA,20100923,600,  , TD,17.5N,29.3W,30,1005,0,0,0,0,0,0,0,0,0,0,0,0
AL142010,               LISA,20100923,1200,  , TS,17.5N,28.8W,35,1004,40,40,0,40,0,0,0,0,0,0,0,0
AL142010,               LISA,20100923,1800,  , TS,17.6N,28.3W,35,1003,40,40,20,40,0,0,0,0,0,0,0,0
AL142010,               LISA,20100924,0,  , TS,17.9N,28.0W,35,1002,40,40,20,40,0,0,0,0,0,0,0,0
AL142010,               LISA,20100924,600,  , TS,18.3N,27.7W,40,1001,40,40,30,40,0,0,0,0,0,0,0,0
AL142010,               LISA,20100924,1200,  , TS,19.0N,27.6W,50,998,40,40,30,40,15,15,0,0,0,0,0,0
AL142010,               LISA,20100924,1800,  , TS,19.7N,27.7W,60,993,50,40,30,40,15,15,10,15,0,0,0,0
AL142010,               LISA,20100924,2100, S, HU,20.0N,27.7W,65,988,50,40,30,40,20,15,10,20,10,10,0,10
AL142010,               LISA,20100925,0,  , HU,20.4N,27.8W,75,982,50,40,30,40,20,15,10,20,10,10,0,10
AL142010,               LISA,20100925,600,  , HU,21.3N,28.0W,70,986,50,40,30,40,20,15,10,20,10,10,0,10
AL142010,               LISA,20100925,1200,  , TS,22.3N,28.3W,60,990,50,40,30,40,20,15,10,20,0,0,0,0
AL142010,               LISA,20100925,1800,  , TS,23.2N,28.6W,50,996,50,40,30,40,15,0,0,15,0,0,0,0
AL142010,               LISA,20100926,0,  , TS,24.0N,28.8W,40,1002,50,40,20,40,0,0,0,0,0,0,0,0
AL142010,               LISA,20100926,600,  , TS,24.8N,28.9W,35,1004,50,40,0,40,0,0,0,0,0,0,0,0
AL142010,               LISA,20100926,1200,  , TD,25.3N,29.0W,30,1006,0,0,0,0,0,0,0,0,0,0,0,0
AL142010,               LISA,20100926,1800,  , LO,25.8N,29.2W,30,1007,0,0,0,0,0,0,0,0,0,0,0,0
AL142010,               LISA,20100927,0,  , LO,26.3N,29.6W,30,1008,0,0,0,0,0,0,0,0,0,0,0,0
AL142010,               LISA,20100927,600,  , LO,26.8N,30.1W,30,1009,0,0,0,0,0,0,0,0,0,0,0,0
AL142010,               LISA,20100927,1200,  , LO,27.4N,30.6W,30,1011,0,0,0,0,0,0,0,0,0,0,0,0
AL142010,               LISA,20100927,1800,  , LO,28.0N,31.1W,30,1013,0,0,0,0,0,0,0,0,0,0,0,0
AL142010,               LISA,20100928,0,  , LO,28.6N,31.5W,30,1013,0,0,0,0,0,0,0,0,0,0,0,0
AL142010,               LISA,20100928,600,  , LO,29.1N,31.7W,30,1015,0,0,0,0,0,0,0,0,0,0,0,0
AL142010,               LISA,20100928,1200,  , LO,29.5N,31.7W,30,1015,0,0,0,0,0,0,0,0,0,0,0,0
AL142010,               LISA,20100928,1800,  , LO,29.9N,31.6W,25,1016,0,0,0,0,0,0,0,0,0,0,0,0
AL142010,               LISA,20100929,0,  , LO,30.2N,31.5W,25,1016,0,0,0,0,0,0,0,0,0,0,0,0
AL152010,            MATTHEW,20100923,1200,  , TD,13.7N,74.8W,30,1008,0,0,0,0,0,0,0,0,0,0,0,0
AL152010,            MATTHEW,20100923,1800,  , TS,13.9N,76.2W,35,1007,90,0,0,0,0,0,0,0,0,0,0,0
AL152010,            MATTHEW,20100924,0,  , TS,14.0N,77.7W,40,1005,75,0,0,40,0,0,0,0,0,0,0,0
AL152010,            MATTHEW,20100924,600,  , TS,14.0N,79.3W,45,1003,75,0,0,40,0,0,0,0,0,0,0,0
AL152010,            MATTHEW,20100924,1200,  , TS,14.2N,81.1W,45,1001,105,0,0,75,0,0,0,0,0,0,0,0
AL152010,            MATTHEW,20100924,1800,  , TS,14.6N,83.0W,50,998,150,30,0,120,45,0,0,0,0,0,0,0
AL152010,            MATTHEW,20100924,1900, L, TS,14.7N,83.3W,50,998,150,30,0,120,45,0,0,0,0,0,0,0
AL152010,            MATTHEW,20100925,0,  , TS,15.2N,84.6W,50,998,150,75,0,120,45,0,0,0,0,0,0,0
AL152010,            MATTHEW,20100925,600,  , TS,15.8N,86.1W,45,998,150,0,0,120,0,0,0,0,0,0,0,0
AL152010,            MATTHEW,20100925,1200,  , TS,16.3N,87.7W,35,1000,120,0,0,30,0,0,0,0,0,0,0,0
AL152010,            MATTHEW,20100925,1500, L, TS,16.5N,88.4W,35,1000,120,0,0,30,0,0,0,0,0,0,0,0
AL152010,            MATTHEW,20100925,1800,  , TD,16.7N,89.4W,30,1000,0,0,0,0,0,0,0,0,0,0,0,0
AL152010,            MATTHEW,20100926,0,  , TD,17.0N,90.8W,30,1001,0,0,0,0,0,0,0,0,0,0,0,0
AL152010,            MATTHEW,20100926,600,  , TD,17.3N,91.9W,25,1002,0,0,0,0,0,0,0,0,0,0,0,0
AL152010,            MATTHEW,20100926,1200,  , LO,17.5N,92.8W,20,1002,0,0,0,0,0,0,0,0,0,0,0,0
AL152010,            MATTHEW,20100926,1800,  , LO,17.2N,93.3W,20,1003,0,0,0,0,0,0,0,0,0,0,0,0
AL162010,             NICOLE,20100928,0,  , LO,19.4N,84.1W,25,1003,0,0,0,0,0,0,0,0,0,0,0,0
AL162010,             NICOLE,20100928,600,  , LO,19.8N,83.5W,30,1003,0,0,0,0,0,0,0,0,0,0,0,0
AL162010,             NICOLE,20100928,1200,  , TS,20.4N,83.0W,35,1001,0,300,0,0,0,0,0,0,0,0,0,0
AL162010,             NICOLE,20100928,1800,  , TS,21.0N,82.7W,40,999,0,300,0,0,0,0,0,0,0,0,0,0
AL162010,             NICOLE,20100929,0,  , TS,21.4N,82.2W,35,997,0,300,0,0,0,0,0,0,0,0,0,0
AL162010,             NICOLE,20100929,600,  , TS,21.7N,81.6W,35,996,0,300,300,0,0,0,0,0,0,0,0,0
AL162010,             NICOLE,20100929,1200,  , TS,21.9N,81.0W,40,995,0,300,300,0,0,0,0,0,0,0,0,0
AL162010,             NICOLE,20100929,1500, S, LO,22.2N,80.5W,40,995,0,300,300,0,0,0,0,0,0,0,0,0
AL162010,             NICOLE,20100929,1800,  , LO,23.3N,80.1W,40,994,120,300,0,0,0,0,0,0,0,0,0,0
AL162010,             NICOLE,20100930,0,  , LO,24.7N,79.6W,40,994,120,300,0,0,0,0,0,0,0,0,0,0
AL162010,             NICOLE,20100930,600,  , EX,26.1N,79.0W,40,995,180,300,0,0,0,0,0,0,0,0,0,0
AL162010,             NICOLE,20100930,1200,  , EX,27.4N,78.5W,40,996,180,300,0,0,0,0,0,0,0,0,0,0
AL172010,               OTTO,20101006,600,  , SD,22.0N,67.2W,30,1000,0,0,0,0,0,0,0,0,0,0,0,0
AL172010,               OTTO,20101006,1200,  , SS,22.6N,67.8W,40,995,100,100,80,80,0,0,0,0,0,0,0,0
AL172010,               OTTO,20101006,1800,  , SS,23.0N,68.1W,50,991,100,100,80,80,0,40,40,0,0,0,0,0
AL172010,               OTTO,20101007,0,  , SS,23.2N,68.2W,55,989,100,100,80,80,0,40,40,0,0,0,0,0
AL172010,               OTTO,20101007,600,  , SS,23.4N,68.3W,50,990,100,100,80,80,0,40,40,0,0,0,0,0
AL172010,               OTTO,20101007,1200,  , TS,23.6N,68.3W,45,994,100,100,80,80,0,0,0,0,0,0,0,0
AL172010,               OTTO,20101007,1800,  , TS,23.8N,67.8W,50,992,100,120,80,60,30,30,0,0,0,0,0,0
AL172010,               OTTO,20101008,0,  , TS,24.0N,67.0W,55,989,100,150,80,60,40,40,0,0,0,0,0,0
AL172010,               OTTO,20101008,600,  , TS,24.4N,66.1W,60,986,100,150,80,60,40,40,0,0,0,0,0,0
AL172010,               OTTO,20101008,1200,  , HU,25.2N,64.8W,65,983,100,170,80,60,40,50,40,0,20,25,15,0
AL172010,               OTTO,20101008,1800,  , HU,26.2N,63.3W,70,980,100,170,80,60,40,60,40,0,20,25,15,0
AL172010,               OTTO,20101009,0,  , HU,27.2N,61.7W,75,976,110,190,60,70,40,60,40,0,20,25,15,0
AL172010,               OTTO,20101009,600,  , HU,28.5N,59.7W,75,978,110,190,60,70,50,70,40,0,25,30,15,0
AL172010,               OTTO,20101009,1200,  , HU,30.0N,57.3W,70,981,110,190,60,70,50,70,40,0,25,30,15,0
AL172010,               OTTO,20101009,1800,  , HU,31.4N,54.3W,65,985,110,190,60,70,50,70,40,0,25,30,15,0
AL172010,               OTTO,20101010,0,  , TS,32.7N,50.9W,60,988,110,190,90,70,50,70,40,0,0,0,0,0
AL172010,               OTTO,20101010,600,  , EX,34.3N,47.0W,55,988,120,220,120,80,50,90,60,0,0,0,0,0
AL172010,               OTTO,20101010,1200,  , EX,36.4N,42.6W,55,988,120,220,120,80,50,90,90,0,0,0,0,0
AL172010,               OTTO,20101010,1800,  , EX,38.2N,38.1W,55,988,120,240,180,80,50,90,90,0,0,0,0,0
AL172010,               OTTO,20101011,0,  , EX,40.3N,33.8W,50,992,120,240,240,60,0,90,120,0,0,0,0,0
AL172010,               OTTO,20101011,600,  , EX,42.0N,30.8W,45,995,150,200,240,60,0,0,0,0,0,0,0,0
AL172010,               OTTO,20101011,1200,  , EX,43.1N,28.1W,40,998,150,150,240,0,0,0,0,0,0,0,0,0
AL172010,               OTTO,20101011,1800,  , EX,43.5N,26.3W,40,998,150,150,240,0,0,0,0,0,0,0,0,0
AL172010,               OTTO,20101012,0,  , EX,43.4N,25.3W,35,1002,100,100,200,0,0,0,0,0,0,0,0,0
AL172010,               OTTO,20101012,600,  , EX,42.4N,24.6W,35,1004,100,0,150,0,0,0,0,0,0,0,0,0
AL172010,               OTTO,20101012,1200,  , EX,41.4N,24.0W,35,1004,100,0,0,100,0,0,0,0,0,0,0,0
AL172010,               OTTO,20101012,1800,  , EX,40.3N,23.5W,35,1006,0,0,0,100,0,0,0,0,0,0,0,0
AL172010,               OTTO,20101013,0,  , EX,39.3N,23.0W,35,1004,0,0,0,100,0,0,0,0,0,0,0,0
AL172010,               OTTO,20101013,600,  , EX,38.4N,22.7W,35,1004,0,0,0,100,0,0,0,0,0,0,0,0
AL172010,               OTTO,20101013,1200,  , EX,37.6N,22.6W,35,1004,0,0,0,100,0,0,0,0,0,0,0,0
AL172010,               OTTO,20101013,1800,  , EX,36.7N,22.4W,35,1004,0,0,0,100,0,0,0,0,0,0,0,0
AL172010,               OTTO,20101014,0,  , EX,35.8N,22.2W,35,1004,0,0,0,100,0,0,0,0,0,0,0,0
AL172010,               OTTO,20101014,600,  , LO,35.0N,22.0W,30,1005,0,0,0,0,0,0,0,0,0,0,0,0
AL172010,               OTTO,20101014,1200,  , LO,34.4N,21.4W,30,1005,0,0,0,0,0,0,0,0,0,0,0,0
AL172010,               OTTO,20101014,1800,  , LO,34.0N,20.6W,30,1005,0,0,0,0,0,0,0,0,0,0,0,0
AL172010,               OTTO,20101015,0,  , LO,33.8N,19.9W,30,1006,0,0,0,0,0,0,0,0,0,0,0,0
AL172010,               OTTO,20101015,600,  , LO,33.6N,19.2W,30,1006,0,0,0,0,0,0,0,0,0,0,0,0
AL172010,               OTTO,20101015,1200,  , LO,33.4N,18.5W,30,1006,0,0,0,0,0,0,0,0,0,0,0,0
AL172010,               OTTO,20101015,1800,  , LO,33.2N,17.8W,30,1006,0,0,0,0,0,0,0,0,0,0,0,0
AL172010,               OTTO,20101016,0,  , LO,33.0N,17.1W,25,1006,0,0,0,0,0,0,0,0,0,0,0,0
AL172010,               OTTO,20101016,600,  , LO,32.8N,16.5W,25,1006,0,0,0,0,0,0,0,0,0,0,0,0
AL172010,               OTTO,20101016,1200,  , LO,32.6N,15.9W,25,1007,0,0,0,0,0,0,0,0,0,0,0,0
AL172010,               OTTO,20101016,1800,  , LO,32.4N,15.3W,25,1007,0,0,0,0,0,0,0,0,0,0,0,0
AL172010,               OTTO,20101017,0,  , LO,32.3N,14.7W,25,1008,0,0,0,0,0,0,0,0,0,0,0,0
AL172010,               OTTO,20101017,600,  , LO,32.1N,14.5W,25,1010,0,0,0,0,0,0,0,0,0,0,0,0
AL172010,               OTTO,20101017,1200,  , LO,31.9N,14.6W,20,1010,0,0,0,0,0,0,0,0,0,0,0,0
AL172010,               OTTO,20101017,1800,  , LO,31.7N,14.7W,20,1012,0,0,0,0,0,0,0,0,0,0,0,0
AL182010,              PAULA,20101011,0,  , TD,13.9N,81.8W,30,1006,0,0,0,0,0,0,0,0,0,0,0,0
AL182010,              PAULA,20101011,600,  , TS,14.4N,82.5W,35,1005,30,30,0,30,0,0,0,0,0,0,0,0
AL182010,              PAULA,20101011,1200, L, TS,15.0N,83.2W,45,1004,30,30,0,45,0,0,0,0,0,0,0,0
AL182010,              PAULA,20101011,1800,  , TS,15.7N,83.8W,60,1001,30,30,20,60,0,0,0,40,0,0,0,0
AL182010,              PAULA,20101012,0,  , HU,16.5N,84.4W,65,996,45,45,30,45,20,20,0,30,10,10,0,10
AL182010,              PAULA,20101012,600,  , HU,17.3N,85.0W,65,991,45,60,30,30,20,20,20,20,10,10,10,10
AL182010,              PAULA,20101012,1200,  , HU,18.1N,85.6W,75,986,45,60,30,30,20,20,20,20,10,10,10,10
AL182010,              PAULA,20101012,1800,  , HU,18.8N,85.9W,90,981,50,50,45,45,25,25,20,20,20,15,15,15
AL182010,              PAULA,20101013,0,  , HU,19.6N,86.0W,90,981,50,50,45,45,25,25,20,20,20,15,15,15
AL182010,              PAULA,20101013,600,  , HU,20.3N,86.0W,85,984,50,45,45,45,25,25,20,20,15,15,10,10
AL182010,              PAULA,20101013,1200,  , HU,20.9N,85.9W,85,987,50,45,45,45,25,25,20,20,15,15,10,10
AL182010,              PAULA,20101013,1800,  , HU,21.4N,85.8W,75,990,45,45,45,40,20,20,15,15,10,10,10,10
AL182010,              PAULA,20101014,0,  , HU,21.8N,85.6W,75,993,45,45,45,40,20,20,15,15,10,10,10,0
AL182010,              PAULA,20101014,600,  , HU,22.2N,85.2W,70,995,45,45,45,40,20,20,20,15,10,10,10,0
AL182010,              PAULA,20101014,1200,  , TS,22.6N,84.5W,60,999,45,45,45,40,20,20,20,15,0,0,0,0
AL182010,              PAULA,20101014,1500, L, TS,22.7N,83.9W,55,1000,45,45,45,40,20,20,20,15,0,0,0,0
AL182010,              PAULA,20101014,1800,  , TS,22.8N,83.5W,50,1001,60,30,30,40,45,15,0,0,0,0,0,0
AL182010,              PAULA,20101015,0,  , TS,22.9N,82.0W,40,1004,60,20,20,30,0,0,0,0,0,0,0,0
AL182010,              PAULA,20101015,600,  , TD,22.9N,80.9W,30,1008,0,0,0,0,0,0,0,0,0,0,0,0
AL182010,              PAULA,20101015,1200,  , LO,22.9N,79.9W,25,1009,0,0,0,0,0,0,0,0,0,0,0,0
AL182010,              PAULA,20101015,1800,  , LO,23.0N,79.1W,20,1009,0,0,0,0,0,0,0,0,0,0,0,0
AL192010,            RICHARD,20101019,1800,  , LO,17.2N,83.4W,30,1008,0,0,0,0,0,0,0,0,0,0,0,0
AL192010,            RICHARD,20101020,0,  , LO,17.7N,83.2W,30,1008,0,0,0,0,0,0,0,0,0,0,0,0
AL192010,            RICHARD,20101020,600,  , TD,17.8N,82.8W,30,1008,0,0,0,0,0,0,0,0,0,0,0,0
AL192010,            RICHARD,20101020,1200,  , TD,17.8N,82.3W,30,1008,0,0,0,0,0,0,0,0,0,0,0,0
AL192010,            RICHARD,20101020,1800,  , TD,17.6N,81.8W,30,1008,0,0,0,0,0,0,0,0,0,0,0,0
AL192010,            RICHARD,20101021,0,  , TD,17.3N,81.3W,30,1007,0,0,0,0,0,0,0,0,0,0,0,0
AL192010,            RICHARD,20101021,600,  , TD,17.0N,80.9W,30,1007,0,0,0,0,0,0,0,0,0,0,0,0
AL192010,            RICHARD,20101021,1200,  , TS,16.7N,80.6W,35,1006,90,90,0,0,0,0,0,0,0,0,0,0
AL192010,            RICHARD,20101021,1800,  , TS,16.3N,80.4W,35,1006,90,90,0,0,0,0,0,0,0,0,0,0
AL192010,            RICHARD,20101022,0,  , TS,16.0N,80.5W,35,1007,90,90,0,0,0,0,0,0,0,0,0,0
AL192010,            RICHARD,20101022,600,  , TS,15.9N,80.7W,35,1005,90,90,0,0,0,0,0,0,0,0,0,0
AL192010,            RICHARD,20101022,1200,  , TS,15.8N,81.0W,35,1006,90,0,0,0,0,0,0,0,0,0,0,0
AL192010,            RICHARD,20101022,1800,  , TS,15.8N,81.5W,40,1006,75,0,0,60,0,0,0,0,0,0,0,0
AL192010,            RICHARD,20101023,0,  , TS,15.8N,82.1W,40,1006,75,0,0,60,0,0,0,0,0,0,0,0
AL192010,            RICHARD,20101023,600,  , TS,15.8N,82.6W,45,1004,75,0,0,60,0,0,0,0,0,0,0,0
AL192010,            RICHARD,20101023,1200,  , TS,15.9N,83.1W,50,1000,75,60,0,60,20,0,0,20,0,0,0,0
AL192010,            RICHARD,20101023,1800,  , TS,16.0N,83.6W,55,998,90,60,0,60,20,0,0,20,0,0,0,0
AL192010,            RICHARD,20101024,0,  , TS,16.2N,84.3W,60,995,90,60,40,70,20,10,10,20,0,0,0,0
AL192010,            RICHARD,20101024,600,  , HU,16.5N,85.2W,65,992,90,60,40,70,20,10,10,20,10,0,0,0
AL192010,            RICHARD,20101024,1200,  , HU,16.8N,86.3W,75,990,90,60,50,70,30,20,20,30,15,10,10,15
AL192010,            RICHARD,20101024,1800,  , HU,17.0N,87.3W,80,984,90,60,50,70,30,20,20,30,15,10,10,15
AL192010,            RICHARD,20101025,0,  , HU,17.2N,88.2W,85,977,90,60,50,60,30,20,20,30,15,10,10,15
AL192010,            RICHARD,20101025,30, L, HU,17.2N,88.3W,85,977,90,60,50,60,30,20,20,30,15,10,10,15
AL192010,            RICHARD,20101025,600,  , HU,17.4N,89.2W,65,988,70,60,40,50,25,20,10,15,15,0,0,0
AL192010,            RICHARD,20101025,1200,  , TS,17.7N,90.0W,40,997,60,60,40,50,0,0,0,0,0,0,0,0
AL192010,            RICHARD,20101025,1800,  , TD,18.0N,90.8W,30,1000,0,0,0,0,0,0,0,0,0,0,0,0
AL192010,            RICHARD,20101026,0,  , LO,18.4N,91.5W,25,1002,0,0,0,0,0,0,0,0,0,0,0,0
AL192010,            RICHARD,20101026,600,  , LO,19.1N,92.3W,25,1004,0,0,0,0,0,0,0,0,0,0,0,0
AL192010,            RICHARD,20101026,1200,  , LO,20.1N,92.9W,20,1004,0,0,0,0,0,0,0,0,0,0,0,0
AL202010,              SHARY,20101028,1800,  , TD,25.6N,61.2W,30,1006,0,0,0,0,0,0,0,0,0,0,0,0
AL202010,              SHARY,20101029,0,  , TS,26.8N,63.0W,35,1004,90,45,0,90,0,0,0,0,0,0,0,0
AL202010,              SHARY,20101029,600,  , TS,28.1N,64.6W,40,1002,90,45,0,90,0,0,0,0,0,0,0,0
AL202010,              SHARY,20101029,1200,  , TS,29.3N,65.9W,50,998,60,45,45,90,0,30,0,0,0,0,0,0
AL202010,              SHARY,20101029,1800,  , TS,30.2N,65.8W,55,993,60,75,60,60,0,30,0,0,0,0,0,0
AL202010,              SHARY,20101030,0,  , HU,31.3N,64.0W,65,990,60,90,60,40,0,40,30,0,0,10,0,0
AL202010,              SHARY,20101030,600,  , HU,32.9N,60.9W,65,989,75,90,75,40,0,40,30,0,0,10,0,0
AL202010,              SHARY,20101030,1200,  , HU,35.1N,57.2W,65,991,75,90,75,40,0,40,30,0,0,10,0,0
AL202010,              SHARY,20101030,1800,  , EX,37.0N,53.5W,55,993,75,90,75,40,0,40,30,0,0,0,0,0
AL212010,              TOMAS,20101029,600,  , TD,9.0N,53.7W,30,1006,0,0,0,0,0,0,0,0,0,0,0,0
AL212010,              TOMAS,20101029,1200,  , TS,9.8N,55.3W,35,1003,75,40,0,75,0,0,0,0,0,0,0,0
AL212010,              TOMAS,20101029,1800,  , TS,10.8N,56.8W,45,998,90,50,50,90,0,0,0,0,0,0,0,0
AL212010,              TOMAS,20101030,0,  , TS,11.9N,57.8W,55,999,90,50,50,90,30,0,0,30,0,0,0,0
AL212010,              TOMAS,20101030,600,  , TS,12.7N,58.9W,60,997,90,50,50,90,30,0,0,30,0,0,0,0
AL212010,              TOMAS,20101030,900, L, TS,13.0N,59.5W,60,997,90,50,50,90,30,0,0,30,0,0,0,0
AL212010,              TOMAS,20101030,1200,  , HU,13.1N,60.1W,65,993,120,60,50,90,50,30,20,40,20,20,0,0
AL212010,              TOMAS,20101030,1800,  , HU,13.3N,61.0W,80,990,120,60,50,90,50,30,20,40,20,20,0,0
AL212010,              TOMAS,20101030,2000, L, HU,13.4N,61.2W,85,987,120,60,50,90,50,30,20,40,20,20,0,0
AL212010,              TOMAS,20101031,0,  , HU,13.5N,61.7W,85,982,120,60,50,90,50,30,20,40,30,20,10,20
AL212010,              TOMAS,20101031,600,  , HU,13.8N,62.4W,85,983,120,60,50,90,60,30,20,50,30,20,10,20
AL212010,              TOMAS,20101031,1200,  , HU,14.0N,63.3W,80,988,120,60,50,90,60,30,20,50,30,20,10,20
AL212010,              TOMAS,20101031,1800,  , HU,14.2N,64.4W,65,994,120,60,50,90,50,30,20,40,15,0,0,15
AL212010,              TOMAS,20101101,0,  , TS,14.1N,65.8W,55,997,150,60,50,90,50,30,20,50,0,0,0,0
AL212010,              TOMAS,20101101,600,  , TS,13.9N,67.1W,45,1003,150,60,30,90,0,0,0,0,0,0,0,0
AL212010,              TOMAS,20101101,1200,  , TS,13.6N,68.2W,40,1005,120,40,20,60,0,0,0,0,0,0,0,0
AL212010,              TOMAS,20101101,1800,  , TS,13.5N,69.2W,40,1005,100,40,20,60,0,0,0,0,0,0,0,0
AL212010,              TOMAS,20101102,0,  , TS,13.5N,70.3W,40,1005,100,40,0,40,0,0,0,0,0,0,0,0
AL212010,              TOMAS,20101102,600,  , TS,13.5N,71.4W,45,1003,100,40,0,30,0,0,0,0,0,0,0,0
AL212010,              TOMAS,20101102,1200,  , TS,13.5N,72.5W,40,1004,100,40,0,30,0,0,0,0,0,0,0,0
AL212010,              TOMAS,20101102,1800,  , TS,13.6N,73.4W,35,1006,90,0,0,30,0,0,0,0,0,0,0,0
AL212010,              TOMAS,20101103,0,  , TD,13.8N,73.9W,30,1006,0,0,0,0,0,0,0,0,0,0,0,0
AL212010,              TOMAS,20101103,600,  , TD,14.0N,74.3W,30,1006,0,0,0,0,0,0,0,0,0,0,0,0
AL212010,              TOMAS,20101103,1200,  , TD,14.3N,74.7W,30,1006,0,0,0,0,0,0,0,0,0,0,0,0
AL212010,              TOMAS,20101103,1800,  , TS,14.7N,75.1W,35,1004,60,60,0,0,0,0,0,0,0,0,0,0
AL212010,              TOMAS,20101104,0,  , TS,15.1N,75.5W,40,1003,60,60,0,0,0,0,0,0,0,0,0,0
AL212010,              TOMAS,20101104,600,  , TS,15.5N,75.9W,40,998,75,60,0,0,0,0,0,0,0,0,0,0
AL212010,              TOMAS,20101104,1200,  , TS,15.9N,76.2W,45,996,75,60,0,0,0,0,0,0,0,0,0,0
AL212010,              TOMAS,20101104,1800,  , TS,16.4N,76.2W,50,995,100,90,0,0,30,30,0,0,0,0,0,0
AL212010,              TOMAS,20101105,0,  , TS,17.0N,75.7W,60,989,120,120,0,0,30,30,0,0,0,0,0,0
AL212010,              TOMAS,20101105,600,  , HU,17.7N,75.2W,70,985,120,120,30,30,30,30,0,0,15,15,0,0
AL212010,              TOMAS,20101105,1200,  , HU,18.7N,74.7W,75,987,120,120,50,50,40,30,20,30,15,15,15,15
AL212010,              TOMAS,20101105,1800,  , HU,19.7N,74.0W,70,992,100,120,50,50,40,40,20,30,15,15,0,0
AL212010,              TOMAS,20101106,0,  , TS,20.4N,73.1W,60,995,100,100,50,50,40,40,20,30,0,0,0,0
AL212010,              TOMAS,20101106,600,  , TS,21.4N,71.8W,60,992,100,100,50,50,40,40,20,30,0,0,0,0
AL212010,              TOMAS,20101106,730, L, TS,21.7N,71.6W,60,992,100,100,50,50,40,40,20,30,0,0,0,0
AL212010,              TOMAS,20101106,1200,  , TS,22.6N,70.9W,60,990,100,100,50,50,40,40,20,30,0,0,0,0
AL212010,              TOMAS,20101106,1800,  , HU,23.8N,70.3W,65,988,100,100,75,75,40,40,20,30,20,20,0,0
AL212010,              TOMAS,20101107,0,  , HU,24.9N,69.8W,70,987,100,100,75,75,40,40,20,30,20,20,0,0
AL212010,              TOMAS,20101107,600,  , HU,25.4N,69.6W,65,990,100,100,75,75,40,40,20,30,20,20,0,0
AL212010,              TOMAS,20101107,1200,  , TS,25.7N,69.5W,60,992,100,100,125,125,25,25,20,30,0,0,0,0
AL212010,              TOMAS,20101107,1800,  , TS,26.0N,69.3W,50,992,100,100,125,125,0,0,40,40,0,0,0,0
AL212010,              TOMAS,20101108,0,  , EX,26.0N,68.5W,50,992,125,100,150,200,0,0,40,40,0,0,0,0
AL212010,              TOMAS,20101108,600,  , EX,25.8N,67.5W,50,992,125,100,150,200,0,0,40,40,0,0,0,0
AL212010,              TOMAS,20101108,1200,  , EX,25.6N,66.2W,50,992,125,100,150,200,0,0,40,0,0,0,0,0
AL212010,              TOMAS,20101108,1800,  , EX,25.8N,64.5W,45,993,125,125,150,200,0,0,0,0,0,0,0,0
AL212010,              TOMAS,20101109,0,  , EX,26.5N,62.3W,45,993,125,125,150,200,0,0,0,0,0,0,0,0
AL212010,              TOMAS,20101109,600,  , EX,27.9N,60.4W,45,994,125,125,150,200,0,0,0,0,0,0,0,0
AL212010,              TOMAS,20101109,1200,  , EX,29.4N,58.6W,45,994,125,150,150,150,0,0,0,0,0,0,0,0
AL212010,              TOMAS,20101109,1800,  , EX,31.0N,56.9W,45,994,125,150,150,150,0,0,0,0,0,0,0,0
AL212010,              TOMAS,20101110,0,  , EX,33.3N,55.4W,45,994,125,150,150,150,0,0,0,0,0,0,0,0
AL212010,              TOMAS,20101110,600,  , EX,36.0N,54.0W,45,994,125,150,150,150,0,0,0,0,0,0,0,0
AL212010,              TOMAS,20101110,1200,  , EX,39.0N,53.5W,35,995,125,150,100,150,0,0,0,0,0,0,0,0
AL212010,              TOMAS,20101110,1800,  , EX,42.0N,53.5W,35,995,125,150,0,150,0,0,0,0,0,0,0,0
AL012011,             ARLENE,20110628,600,  , LO,19.9N,92.8W,25,1007,0,0,0,0,0,0,0,0,0,0,0,0
AL012011,             ARLENE,20110628,1200,  , LO,20.3N,93.1W,30,1006,0,0,0,0,0,0,0,0,0,0,0,0
AL012011,             ARLENE,20110628,1800,  , TS,20.7N,93.5W,35,1006,100,40,0,0,0,0,0,0,0,0,0,0
AL012011,             ARLENE,20110629,0,  , TS,21.0N,93.9W,35,1005,100,40,0,0,0,0,0,0,0,0,0,0
AL012011,             ARLENE,20110629,600,  , TS,21.2N,94.5W,35,1003,100,40,0,0,0,0,0,0,0,0,0,0
AL012011,             ARLENE,20110629,1200,  , TS,21.3N,95.3W,45,1000,120,60,40,40,0,0,0,0,0,0,0,0
AL012011,             ARLENE,20110629,1800,  , TS,21.4N,95.6W,50,998,120,60,70,60,60,40,40,0,0,0,0,0
AL012011,             ARLENE,20110630,0,  , TS,21.6N,96.1W,50,996,100,90,100,60,60,40,70,0,0,0,0,0
AL012011,             ARLENE,20110630,600,  , TS,21.6N,97.0W,55,994,80,120,70,80,50,50,0,0,0,0,0,0
AL012011,             ARLENE,20110630,1200,  , TS,21.6N,97.3W,55,993,80,120,40,80,50,50,0,0,0,0,0,0
AL012011,             ARLENE,20110630,1300, L, TS,21.6N,97.4W,55,993,80,120,40,80,50,50,0,0,0,0,0,0
AL012011,             ARLENE,20110630,1800,  , TS,21.5N,98.1W,45,998,90,90,40,40,0,0,0,0,0,0,0,0
AL012011,             ARLENE,20110701,0,  , TD,21.1N,98.7W,30,1002,0,0,0,0,0,0,0,0,0,0,0,0
AL022011,               BRET,20110716,600,  , LO,30.7N,79.7W,20,1014,0,0,0,0,0,0,0,0,0,0,0,0
AL022011,               BRET,20110716,1200,  , LO,30.3N,79.4W,20,1014,0,0,0,0,0,0,0,0,0,0,0,0
AL022011,               BRET,20110716,1800,  , LO,29.8N,79.1W,20,1014,0,0,0,0,0,0,0,0,0,0,0,0
AL022011,               BRET,20110717,0,  , LO,29.3N,78.8W,20,1014,0,0,0,0,0,0,0,0,0,0,0,0
AL022011,               BRET,20110717,600,  , LO,28.8N,78.5W,20,1014,0,0,0,0,0,0,0,0,0,0,0,0
AL022011,               BRET,20110717,1200,  , LO,28.3N,78.3W,25,1013,0,0,0,0,0,0,0,0,0,0,0,0
AL022011,               BRET,20110717,1800,  , TD,27.8N,78.2W,30,1011,0,0,0,0,0,0,0,0,0,0,0,0
AL022011,               BRET,20110718,0,  , TS,27.5N,78.1W,35,1008,30,30,0,30,0,0,0,0,0,0,0,0
AL022011,               BRET,20110718,600,  , TS,27.1N,78.0W,40,1001,35,35,15,35,0,0,0,0,0,0,0,0
AL022011,               BRET,20110718,1200,  , TS,27.4N,77.5W,45,999,40,40,25,40,0,0,0,0,0,0,0,0
AL022011,               BRET,20110718,1800,  , TS,27.8N,77.1W,60,995,45,45,30,45,20,20,0,20,0,0,0,0
AL022011,               BRET,20110719,0,  , TS,28.4N,76.8W,60,996,45,45,30,45,20,20,0,20,0,0,0,0
AL022011,               BRET,20110719,600,  , TS,29.0N,76.6W,50,999,45,45,30,35,20,20,0,0,0,0,0,0
AL022011,               BRET,20110719,1200,  , TS,29.5N,76.2W,45,999,50,45,30,35,0,0,0,0,0,0,0,0
AL022011,               BRET,20110719,1800,  , TS,30.0N,75.8W,45,999,50,50,35,35,0,0,0,0,0,0,0,0
AL022011,               BRET,20110720,0,  , TS,30.5N,75.3W,45,1000,55,55,45,35,0,0,0,0,0,0,0,0
AL022011,               BRET,20110720,600,  , TS,30.9N,74.7W,45,1001,60,60,45,35,0,0,0,0,0,0,0,0
AL022011,               BRET,20110720,1200,  , TS,31.4N,74.1W,45,1002,60,60,45,35,0,0,0,0,0,0,0,0
AL022011,               BRET,20110720,1800,  , TS,31.9N,73.4W,45,1005,60,60,45,35,0,0,0,0,0,0,0,0
AL022011,               BRET,20110721,0,  , TS,32.4N,72.7W,45,1005,60,60,45,35,0,0,0,0,0,0,0,0
AL022011,               BRET,20110721,600,  , TS,33.0N,72.0W,40,1005,55,60,45,25,0,0,0,0,0,0,0,0
AL022011,               BRET,20110721,1200,  , TS,33.5N,71.2W,35,1006,45,65,45,0,0,0,0,0,0,0,0,0
AL022011,               BRET,20110721,1800,  , TS,34.1N,70.1W,35,1007,0,80,0,0,0,0,0,0,0,0,0,0
AL022011,               BRET,20110722,0,  , TD,35.1N,68.9W,30,1008,0,0,0,0,0,0,0,0,0,0,0,0
AL022011,               BRET,20110722,600,  , TD,36.2N,67.4W,30,1008,0,0,0,0,0,0,0,0,0,0,0,0
AL022011,               BRET,20110722,1200,  , LO,37.3N,65.2W,30,1009,0,0,0,0,0,0,0,0,0,0,0,0
AL022011,               BRET,20110722,1800,  , LO,38.3N,62.8W,30,1009,0,0,0,0,0,0,0,0,0,0,0,0
AL022011,               BRET,20110723,0,  , LO,39.2N,60.1W,25,1010,0,0,0,0,0,0,0,0,0,0,0,0
AL022011,               BRET,20110723,600,  , LO,39.8N,57.0W,25,1010,0,0,0,0,0,0,0,0,0,0,0,0
AL032011,              CINDY,20110720,600,  , TD,33.0N,59.5W,30,1010,0,0,0,0,0,0,0,0,0,0,0,0
AL032011,              CINDY,20110720,1200,  , TS,33.4N,57.0W,35,1008,60,75,60,0,0,0,0,0,0,0,0,0
AL032011,              CINDY,20110720,1800,  , TS,34.5N,54.7W,40,1006,60,75,60,0,0,0,0,0,0,0,0,0
AL032011,              CINDY,20110721,0,  , TS,35.8N,52.5W,45,1003,60,75,60,0,0,0,0,0,0,0,0,0
AL032011,              CINDY,20110721,600,  , TS,37.4N,50.5W,50,999,60,75,60,0,0,35,0,0,0,0,0,0
AL032011,              CINDY,20110721,1200,  , TS,39.4N,48.4W,55,996,60,75,60,0,0,35,0,0,0,0,0,0
AL032011,              CINDY,20110721,1800,  , TS,41.3N,46.1W,60,994,60,75,60,0,15,35,0,0,0,0,0,0
AL032011,              CINDY,20110722,0,  , TS,42.6N,43.7W,55,995,75,90,60,0,25,35,0,0,0,0,0,0
AL032011,              CINDY,20110722,600,  , TS,43.8N,41.2W,50,997,75,90,60,0,25,35,0,0,0,0,0,0
AL032011,              CINDY,20110722,1200,  , TS,45.1N,38.6W,45,999,75,90,60,0,0,0,0,0,0,0,0,0
AL032011,              CINDY,20110722,1800,  , TS,46.7N,35.6W,40,1001,70,90,60,0,0,0,0,0,0,0,0,0
AL032011,              CINDY,20110723,0,  , LO,48.4N,32.1W,40,1003,60,100,50,0,0,0,0,0,0,0,0,0
AL032011,              CINDY,20110723,600,  , LO,50.0N,27.8W,35,1005,60,100,50,0,0,0,0,0,0,0,0,0
AL042011,                DON,20110727,600,  , TD,21.6N,85.7W,30,1007,0,0,0,0,0,0,0,0,0,0,0,0
AL042011,                DON,20110727,1200,  , TD,21.8N,86.2W,30,1006,0,0,0,0,0,0,0,0,0,0,0,0
AL042011,                DON,20110727,1800,  , TS,22.0N,86.7W,35,1003,40,40,0,0,0,0,0,0,0,0,0,0
AL042011,                DON,20110728,0,  , TS,22.3N,87.4W,35,1000,40,40,0,0,0,0,0,0,0,0,0,0
AL042011,                DON,20110728,600,  , TS,22.9N,88.4W,35,1000,60,40,0,0,0,0,0,0,0,0,0,0
AL042011,                DON,20110728,1200,  , TS,23.7N,89.5W,40,1001,60,40,0,0,0,0,0,0,0,0,0,0
AL042011,                DON,20110728,1800,  , TS,24.2N,90.7W,40,1004,60,40,0,0,0,0,0,0,0,0,0,0
AL042011,                DON,20110729,0,  , TS,24.6N,91.9W,45,997,60,40,0,0,0,0,0,0,0,0,0,0
AL042011,                DON,20110729,600,  , TS,25.1N,93.1W,45,1000,60,40,0,0,0,0,0,0,0,0,0,0
AL042011,                DON,20110729,1200,  , TS,25.8N,94.3W,45,1002,60,40,0,0,0,0,0,0,0,0,0,0
AL042011,                DON,20110729,1800,  , TS,26.4N,95.5W,45,1004,60,40,0,0,0,0,0,0,0,0,0,0
AL042011,                DON,20110730,0,  , TS,27.0N,96.9W,35,1006,60,0,0,0,0,0,0,0,0,0,0,0
AL042011,                DON,20110730,230, L, TD,27.3N,97.4W,30,1007,0,0,0,0,0,0,0,0,0,0,0,0
AL042011,                DON,20110730,600,  , LO,27.8N,98.1W,25,1009,0,0,0,0,0,0,0,0,0,0,0,0
AL052011,              EMILY,20110802,0,  , TS,14.9N,61.4W,40,1007,75,0,0,60,0,0,0,0,0,0,0,0
AL052011,              EMILY,20110802,600,  , TS,15.1N,62.5W,40,1007,75,0,0,60,0,0,0,0,0,0,0,0
AL052011,              EMILY,20110802,1200,  , TS,15.4N,63.6W,40,1006,75,0,0,60,0,0,0,0,0,0,0,0
AL052011,              EMILY,20110802,1800,  , TS,15.7N,64.8W,40,1005,75,0,0,60,0,0,0,0,0,0,0,0
AL052011,              EMILY,20110803,0,  , TS,16.0N,66.2W,45,1004,100,75,0,60,0,0,0,0,0,0,0,0
AL052011,              EMILY,20110803,600,  , TS,16.3N,67.7W,45,1003,100,75,0,60,0,0,0,0,0,0,0,0
AL052011,              EMILY,20110803,1200,  , TS,16.6N,69.1W,45,1003,100,75,0,30,0,0,0,0,0,0,0,0
AL052011,              EMILY,20110803,1800,  , TS,16.8N,70.3W,45,1003,100,75,0,30,0,0,0,0,0,0,0,0
AL052011,              EMILY,20110804,0,  , TS,16.9N,70.7W,45,1003,100,75,0,0,0,0,0,0,0,0,0,0
AL052011,              EMILY,20110804,600,  , TS,16.9N,71.3W,45,1004,100,75,0,0,0,0,0,0,0,0,0,0
AL052011,              EMILY,20110804,1200,  , TS,17.3N,72.2W,45,1006,100,75,0,0,0,0,0,0,0,0,0,0
AL052011,              EMILY,20110804,1800,  , WV,17.9N,73.4W,30,1009,0,0,0,0,0,0,0,0,0,0,0,0
AL052011,              EMILY,20110805,0,  , WV,18.8N,74.6W,25,1010,0,0,0,0,0,0,0,0,0,0,0,0
AL052011,              EMILY,20110805,600,  , WV,19.8N,75.5W,25,1011,0,0,0,0,0,0,0,0,0,0,0,0
AL052011,              EMILY,20110805,1200,  , WV,21.0N,76.3W,25,1011,0,0,0,0,0,0,0,0,0,0,0,0
AL052011,              EMILY,20110805,1800,  , WV,22.4N,76.9W,25,1012,0,0,0,0,0,0,0,0,0,0,0,0
AL052011,              EMILY,20110806,0,  , WV,23.6N,77.4W,25,1012,0,0,0,0,0,0,0,0,0,0,0,0
AL052011,              EMILY,20110806,600,  , WV,24.6N,77.9W,25,1012,0,0,0,0,0,0,0,0,0,0,0,0
AL052011,              EMILY,20110806,1200,  , LO,25.6N,78.1W,25,1011,0,0,0,0,0,0,0,0,0,0,0,0
AL052011,              EMILY,20110806,1800,  , TD,26.4N,78.2W,30,1011,0,0,0,0,0,0,0,0,0,0,0,0
AL052011,              EMILY,20110807,0,  , TS,27.2N,78.1W,35,1010,60,45,0,0,0,0,0,0,0,0,0,0
AL052011,              EMILY,20110807,600,  , TS,28.4N,77.4W,35,1009,60,45,0,0,0,0,0,0,0,0,0,0
AL052011,              EMILY,20110807,1200,  , LO,29.7N,76.4W,30,1009,0,0,0,0,0,0,0,0,0,0,0,0
AL052011,              EMILY,20110807,1800,  , LO,30.7N,74.8W,30,1009,0,0,0,0,0,0,0,0,0,0,0,0
AL062011,           FRANKLIN,20110812,1200,  , LO,34.7N,66.0W,25,1011,0,0,0,0,0,0,0,0,0,0,0,0
AL062011,           FRANKLIN,20110812,1800,  , TD,35.6N,64.7W,30,1009,0,0,0,0,0,0,0,0,0,0,0,0
AL062011,           FRANKLIN,20110813,0,  , TD,36.6N,63.0W,30,1008,0,0,0,0,0,0,0,0,0,0,0,0
AL062011,           FRANKLIN,20110813,600,  , TS,37.6N,61.1W,35,1006,40,60,0,0,0,0,0,0,0,0,0,0
AL062011,           FRANKLIN,20110813,1200,  , TS,38.6N,59.0W,40,1004,40,60,0,0,0,0,0,0,0,0,0,0
AL062011,           FRANKLIN,20110813,1800,  , EX,39.6N,56.3W,40,1004,50,70,0,0,0,0,0,0,0,0,0,0
AL062011,           FRANKLIN,20110814,0,  , EX,40.2N,53.2W,35,1005,50,70,0,0,0,0,0,0,0,0,0,0
AL062011,           FRANKLIN,20110814,600,  , EX,40.4N,49.9W,35,1007,50,70,0,0,0,0,0,0,0,0,0,0
AL062011,           FRANKLIN,20110814,1200,  , EX,40.0N,47.0W,30,1009,0,0,0,0,0,0,0,0,0,0,0,0
AL062011,           FRANKLIN,20110814,1800,  , EX,39.4N,44.6W,30,1010,0,0,0,0,0,0,0,0,0,0,0,0
AL062011,           FRANKLIN,20110815,0,  , EX,38.8N,42.5W,30,1011,0,0,0,0,0,0,0,0,0,0,0,0
AL062011,           FRANKLIN,20110815,600,  , EX,38.1N,40.8W,25,1013,0,0,0,0,0,0,0,0,0,0,0,0
AL062011,           FRANKLIN,20110815,1200,  , EX,37.3N,39.2W,25,1014,0,0,0,0,0,0,0,0,0,0,0,0
AL062011,           FRANKLIN,20110815,1800,  , EX,36.6N,38.2W,25,1015,0,0,0,0,0,0,0,0,0,0,0,0
AL062011,           FRANKLIN,20110816,0,  , EX,35.6N,37.9W,25,1016,0,0,0,0,0,0,0,0,0,0,0,0
AL072011,               GERT,20110813,600,  , LO,26.2N,58.0W,30,1013,0,0,0,0,0,0,0,0,0,0,0,0
AL072011,               GERT,20110813,1200,  , LO,26.9N,59.4W,30,1012,0,0,0,0,0,0,0,0,0,0,0,0
AL072011,               GERT,20110813,1800,  , TD,27.3N,60.6W,30,1011,0,0,0,0,0,0,0,0,0,0,0,0
AL072011,               GERT,20110814,0,  , TD,27.5N,61.5W,30,1011,0,0,0,0,0,0,0,0,0,0,0,0
AL072011,               GERT,20110814,600,  , TS,27.7N,62.3W,35,1011,30,60,0,0,0,0,0,0,0,0,0,0
AL072011,               GERT,20110814,1200,  , TS,28.1N,62.9W,40,1010,30,60,0,0,0,0,0,0,0,0,0,0
AL072011,               GERT,20110814,1800,  , TS,28.8N,63.1W,40,1009,45,60,0,0,0,0,0,0,0,0,0,0
AL072011,               GERT,20110815,0,  , TS,29.6N,63.3W,45,1006,60,60,0,0,0,0,0,0,0,0,0,0
AL072011,               GERT,20110815,600,  , TS,30.6N,63.4W,50,1003,60,60,30,0,15,15,0,0,0,0,0,0
AL072011,               GERT,20110815,1200,  , TS,31.6N,63.2W,55,1000,60,60,45,30,15,15,0,0,0,0,0,0
AL072011,               GERT,20110815,1800,  , TS,32.9N,62.7W,50,1003,60,60,45,30,15,15,0,0,0,0,0,0
AL072011,               GERT,20110816,0,  , TS,34.2N,61.6W,45,1005,45,60,30,30,0,0,0,0,0,0,0,0
AL072011,               GERT,20110816,600,  , TS,35.6N,60.3W,45,1007,45,60,30,30,0,0,0,0,0,0,0,0
AL072011,               GERT,20110816,1200,  , LO,37.1N,58.1W,40,1008,30,45,30,0,0,0,0,0,0,0,0,0
AL072011,               GERT,20110816,1800,  , LO,38.6N,55.8W,40,1008,30,45,30,0,0,0,0,0,0,0,0,0
AL072011,               GERT,20110817,0,  , LO,40.1N,53.4W,35,1010,0,30,0,0,0,0,0,0,0,0,0,0
AL072011,               GERT,20110817,600,  , LO,41.5N,50.9W,30,1012,0,0,0,0,0,0,0,0,0,0,0,0
AL072011,               GERT,20110817,1200,  , LO,42.9N,48.3W,30,1014,0,0,0,0,0,0,0,0,0,0,0,0
AL072011,               GERT,20110817,1800,  , LO,44.9N,44.8W,30,1015,0,0,0,0,0,0,0,0,0,0,0,0
AL082011,             HARVEY,20110819,0,  , TD,15.4N,82.0W,30,1006,0,0,0,0,0,0,0,0,0,0,0,0
AL082011,             HARVEY,20110819,600,  , TD,15.7N,82.7W,30,1005,0,0,0,0,0,0,0,0,0,0,0,0
AL082011,             HARVEY,20110819,1200,  , TS,15.9N,83.4W,35,1003,30,0,0,30,0,0,0,0,0,0,0,0
AL082011,             HARVEY,20110819,1800,  , TS,16.0N,84.1W,40,1001,35,0,0,35,0,0,0,0,0,0,0,0
AL082011,             HARVEY,20110820,0,  , TS,16.1N,84.9W,45,995,35,0,0,35,0,0,0,0,0,0,0,0
AL082011,             HARVEY,20110820,600,  , TS,16.3N,85.8W,50,994,35,20,0,35,15,0,0,15,0,0,0,0
AL082011,             HARVEY,20110820,1200,  , TS,16.6N,87.0W,50,998,40,20,0,40,15,0,0,15,0,0,0,0
AL082011,             HARVEY,20110820,1730, L, TS,17.0N,88.3W,55,995,-999,-999,-999,-999,-999,-999,-999,-999,-999,-999,-999,-999
AL082011,             HARVEY,20110820,1800,  , TS,17.0N,88.3W,55,995,40,20,20,40,10,0,0,10,0,0,0,0
AL082011,             HARVEY,20110821,0,  , TS,17.3N,89.6W,35,1003,30,0,0,30,0,0,0,0,0,0,0,0
AL082011,             HARVEY,20110821,600,  , TD,17.6N,90.8W,30,1005,0,0,0,0,0,0,0,0,0,0,0,0
AL082011,             HARVEY,20110821,1200,  , TD,18.0N,92.0W,30,1005,0,0,0,0,0,0,0,0,0,0,0,0
AL082011,             HARVEY,20110821,1800,  , TD,18.5N,93.3W,30,1005,0,0,0,0,0,0,0,0,0,0,0,0
AL082011,             HARVEY,20110822,0,  , TS,18.7N,94.8W,35,1005,0,0,0,70,0,0,0,0,0,0,0,0
AL082011,             HARVEY,20110822,200, L, TS,18.7N,95.2W,35,1005,0,0,0,70,0,0,0,0,0,0,0,0
AL082011,             HARVEY,20110822,600,  , TD,18.6N,96.2W,25,1006,0,0,0,0,0,0,0,0,0,0,0,0
AL082011,             HARVEY,20110822,1200,  , TD,18.1N,97.2W,20,1007,0,0,0,0,0,0,0,0,0,0,0,0
AL092011,              IRENE,20110821,0,  , TS,15.0N,59.0W,45,1006,105,0,0,45,0,0,0,0,0,0,0,0
AL092011,              IRENE,20110821,600,  , TS,16.0N,60.6W,45,1006,130,0,0,80,0,0,0,0,0,0,0,0
AL092011,              IRENE,20110821,1200,  , TS,16.8N,62.2W,45,1005,130,0,0,70,0,0,0,0,0,0,0,0
AL092011,              IRENE,20110821,1800,  , TS,17.5N,63.7W,50,999,130,20,0,70,30,0,0,0,0,0,0,0
AL092011,              IRENE,20110821,2300, L, TS,17.8N,64.6W,60,993,-999,-999,-999,-999,-999,-999,-999,-999,-999,-999,-999,-999
AL092011,              IRENE,20110822,0,  , TS,17.9N,65.0W,60,993,130,30,30,90,30,0,0,30,0,0,0,0
AL092011,              IRENE,20110822,525, L, TS,18.1N,65.8W,60,990,-999,-999,-999,-999,-999,-999,-999,-999,-999,-999,-999,-999
AL092011,              IRENE,20110822,600,  , HU,18.2N,65.9W,65,990,130,60,60,90,40,25,20,35,25,0,0,0
AL092011,              IRENE,20110822,1200,  , HU,18.9N,67.0W,70,989,160,60,60,90,40,25,20,35,25,0,0,0
AL092011,              IRENE,20110822,1800,  , HU,19.3N,68.0W,75,988,160,60,40,90,40,30,20,35,25,0,0,0
AL092011,              IRENE,20110823,0,  , HU,19.7N,68.8W,80,981,160,70,50,100,70,30,30,70,25,0,0,35
AL092011,              IRENE,20110823,600,  , HU,20.1N,69.7W,80,978,180,120,90,130,90,60,40,70,45,30,20,35
AL092011,              IRENE,20110823,1200,  , HU,20.4N,70.6W,80,978,180,120,90,130,90,60,40,70,40,30,20,35
AL092011,              IRENE,20110823,1800,  , HU,20.7N,71.2W,80,977,180,120,90,130,75,60,40,70,35,30,20,35
AL092011,              IRENE,20110824,0,  , HU,21.0N,71.9W,80,969,180,150,90,150,70,70,40,70,35,30,25,35
AL092011,              IRENE,20110824,600,  , HU,21.3N,72.5W,95,965,180,150,90,150,70,70,40,70,35,30,25,35
AL092011,              IRENE,20110824,1200,  , HU,21.9N,73.3W,105,957,180,150,90,150,90,60,45,80,45,40,25,40
AL092011,              IRENE,20110824,1600, L, HU,22.4N,74.0W,100,955,-999,-999,-999,-999,-999,-999,-999,-999,-999,-999,-999,-999
AL092011,              IRENE,20110824,1800,  , HU,22.7N,74.3W,100,954,200,180,100,150,100,70,50,80,50,45,25,40
AL092011,              IRENE,20110825,0, L, HU,23.5N,75.1W,95,952,220,180,100,150,100,90,50,80,60,60,25,50
AL092011,              IRENE,20110825,600,  , HU,24.1N,75.9W,95,950,220,180,100,150,100,80,50,70,60,60,25,50
AL092011,              IRENE,20110825,900, L, HU,24.7N,76.2W,90,950,-999,-999,-999,-999,-999,-999,-999,-999,-999,-999,-999,-999
AL092011,              IRENE,20110825,1200,  , HU,25.4N,76.6W,90,950,250,200,100,160,100,100,50,70,60,60,25,50
AL092011,              IRENE,20110825,1800, L, HU,26.5N,77.2W,90,950,250,200,125,160,110,100,50,75,70,60,25,50
AL092011,              IRENE,20110826,0,  , HU,27.7N,77.3W,90,946,250,200,125,160,110,100,50,75,70,60,25,50
AL092011,              IRENE,20110826,600,  , HU,28.8N,77.3W,90,942,250,200,130,175,125,105,75,75,80,80,50,50
AL092011,              IRENE,20110826,1200,  , HU,30.0N,77.4W,85,947,250,200,130,175,125,105,75,75,80,80,50,50
AL092011,              IRENE,20110826,1800,  , HU,31.1N,77.5W,80,950,250,225,140,175,125,125,80,75,80,80,50,50
AL092011,              IRENE,20110827,0,  , HU,32.1N,77.1W,75,952,225,225,140,140,125,125,90,75,80,80,40,40
AL092011,              IRENE,20110827,600,  , HU,33.4N,76.8W,75,952,225,225,140,140,125,125,90,75,80,80,40,40
AL092011,              IRENE,20110827,1200, L, HU,34.7N,76.6W,75,952,225,225,150,125,125,125,90,60,80,80,40,35
AL092011,              IRENE,20110827,1800,  , HU,35.5N,76.3W,65,950,210,225,150,125,125,125,80,60,75,75,35,35
AL092011,              IRENE,20110828,0,  , HU,36.7N,75.7W,65,951,210,225,150,125,150,150,80,60,75,75,0,0
AL092011,              IRENE,20110828,600,  , HU,38.1N,75.0W,65,958,230,280,160,110,150,150,80,30,75,75,0,0
AL092011,              IRENE,20110828,935, L, TS,39.4N,74.4W,60,959,230,280,160,110,150,150,80,30,0,0,0,0
AL092011,              IRENE,20110828,1200,  , TS,40.3N,74.1W,55,963,230,280,130,50,150,150,80,30,0,0,0,0
AL092011,              IRENE,20110828,1300, L, TS,40.6N,74.0W,55,965,230,280,130,50,150,150,80,30,0,0,0,0
AL092011,              IRENE,20110828,1800,  , TS,42.5N,73.1W,50,970,230,280,180,50,150,150,80,30,0,0,0,0
AL092011,              IRENE,20110829,0,  , EX,44.2N,72.1W,45,979,230,315,250,50,0,0,0,0,0,0,0,0
AL092011,              IRENE,20110829,600,  , EX,46.5N,69.5W,40,983,360,360,360,0,0,0,0,0,0,0,0,0
AL092011,              IRENE,20110829,1200,  , EX,49.1N,66.7W,40,985,360,360,300,0,0,0,0,0,0,0,0,0
AL092011,              IRENE,20110829,1800,  , EX,51.3N,63.8W,40,987,0,360,0,0,0,0,0,0,0,0,0,0
AL092011,              IRENE,20110830,0,  , EX,53.0N,60.0W,40,991,0,270,0,0,0,0,0,0,0,0,0,0
AL102011,                TEN,20110825,0,  , TD,12.3N,29.0W,30,1006,0,0,0,0,0,0,0,0,0,0,0,0
AL102011,                TEN,20110825,600,  , TD,12.7N,30.1W,30,1006,0,0,0,0,0,0,0,0,0,0,0,0
AL102011,                TEN,20110825,1200,  , TD,13.1N,31.2W,30,1008,0,0,0,0,0,0,0,0,0,0,0,0
AL102011,                TEN,20110825,1800,  , TD,13.5N,32.1W,30,1008,0,0,0,0,0,0,0,0,0,0,0,0
AL102011,                TEN,20110826,0,  , TD,13.9N,32.9W,30,1009,0,0,0,0,0,0,0,0,0,0,0,0
AL102011,                TEN,20110826,600,  , TD,14.4N,33.3W,30,1009,0,0,0,0,0,0,0,0,0,0,0,0
AL102011,                TEN,20110826,1200,  , TD,14.8N,33.5W,30,1009,0,0,0,0,0,0,0,0,0,0,0,0
AL102011,                TEN,20110826,1800,  , TD,15.3N,33.7W,30,1009,0,0,0,0,0,0,0,0,0,0,0,0
AL102011,                TEN,20110827,0,  , LO,15.8N,33.9W,25,1010,0,0,0,0,0,0,0,0,0,0,0,0
AL112011,               JOSE,20110826,1200,  , LO,27.3N,59.0W,30,1016,0,0,0,0,0,0,0,0,0,0,0,0
AL112011,               JOSE,20110826,1800,  , LO,27.4N,60.2W,30,1014,0,0,0,0,0,0,0,0,0,0,0,0
AL112011,               JOSE,20110827,0,  , LO,27.5N,61.3W,30,1013,0,0,0,0,0,0,0,0,0,0,0,0
AL112011,               JOSE,20110827,600,  , TD,27.7N,62.4W,30,1011,0,0,0,0,0,0,0,0,0,0,0,0
AL112011,               JOSE,20110827,1200,  , TS,27.9N,63.4W,35,1008,15,0,0,15,0,0,0,0,0,0,0,0
AL112011,               JOSE,20110827,1800,  , TS,28.3N,64.3W,35,1008,25,25,0,15,0,0,0,0,0,0,0,0
AL112011,               JOSE,20110828,0,  , TS,29.1N,64.9W,35,1008,35,35,0,0,0,0,0,0,0,0,0,0
AL112011,               JOSE,20110828,600,  , TS,29.8N,65.5W,40,1007,45,45,0,0,0,0,0,0,0,0,0,0
AL112011,               JOSE,20110828,1200,  , TS,30.9N,65.7W,40,1006,45,45,0,0,0,0,0,0,0,0,0,0
AL112011,               JOSE,20110828,1800,  , TS,32.4N,65.8W,40,1006,45,45,0,0,0,0,0,0,0,0,0,0
AL112011,               JOSE,20110829,0,  , LO,34.2N,65.6W,40,1007,45,45,0,0,0,0,0,0,0,0,0,0
AL112011,               JOSE,20110829,600,  , LO,36.2N,65.1W,35,1009,35,35,0,0,0,0,0,0,0,0,0,0
AL112011,               JOSE,20110829,1200,  , LO,38.3N,63.8W,30,1012,0,0,0,0,0,0,0,0,0,0,0,0
AL122011,              KATIA,20110828,0,  , LO,9.5N,19.0W,20,1012,0,0,0,0,0,0,0,0,0,0,0,0
AL122011,              KATIA,20110828,600,  , LO,9.4N,20.3W,20,1011,0,0,0,0,0,0,0,0,0,0,0,0
AL122011,              KATIA,20110828,1200,  , LO,9.3N,21.6W,25,1010,0,0,0,0,0,0,0,0,0,0,0,0
AL122011,              KATIA,20110828,1800,  , LO,9.3N,22.9W,25,1009,0,0,0,0,0,0,0,0,0,0,0,0
AL122011,              KATIA,20110829,0,  , LO,9.3N,24.2W,25,1009,0,0,0,0,0,0,0,0,0,0,0,0
AL122011,              KATIA,20110829,600,  , TD,9.5N,25.6W,25,1009,0,0,0,0,0,0,0,0,0,0,0,0
AL122011,              KATIA,20110829,1200,  , TD,9.9N,27.0W,30,1008,0,0,0,0,0,0,0,0,0,0,0,0
AL122011,              KATIA,20110829,1800,  , TD,10.6N,28.2W,30,1008,0,0,0,0,0,0,0,0,0,0,0,0
AL122011,              KATIA,20110830,0,  , TS,11.0N,29.6W,35,1006,30,0,0,30,0,0,0,0,0,0,0,0
AL122011,              KATIA,20110830,600,  , TS,11.5N,31.1W,40,1004,30,0,0,30,0,0,0,0,0,0,0,0
AL122011,              KATIA,20110830,1200,  , TS,12.0N,32.9W,45,1001,40,30,0,50,0,0,0,0,0,0,0,0
AL122011,              KATIA,20110830,1800,  , TS,12.6N,34.6W,50,997,50,40,20,60,20,0,0,20,0,0,0,0
AL122011,              KATIA,20110831,0,  , TS,13.1N,36.4W,50,997,60,40,20,70,20,0,0,20,0,0,0,0
AL122011,              KATIA,20110831,600,  , TS,13.6N,38.2W,55,994,70,40,20,80,25,0,0,25,0,0,0,0
AL122011,              KATIA,20110831,1200,  , TS,14.0N,40.0W,55,994,90,50,30,90,30,15,0,30,0,0,0,0
AL122011,              KATIA,20110831,1800,  , TS,14.4N,41.8W,60,990,100,65,40,110,40,20,0,40,0,0,0,0
AL122011,              KATIA,20110901,0,  , HU,14.8N,43.5W,65,988,110,80,50,110,50,40,0,50,20,0,0,20
AL122011,              KATIA,20110901,600,  , HU,15.1N,45.2W,65,988,120,90,50,110,50,40,0,50,20,0,0,20
AL122011,              KATIA,20110901,1200,  , HU,15.3N,46.9W,65,988,130,100,50,120,60,40,0,60,30,0,0,30
AL122011,              KATIA,20110901,1800,  , HU,15.7N,48.5W,65,988,140,110,50,120,60,40,0,60,30,0,0,30
AL122011,              KATIA,20110902,0,  , HU,16.2N,50.0W,65,988,140,120,50,120,70,60,0,70,30,0,0,30
AL122011,              KATIA,20110902,600,  , HU,16.8N,51.2W,65,988,150,120,50,120,70,60,0,70,30,0,0,30
AL122011,              KATIA,20110902,1200,  , HU,17.4N,52.1W,65,987,150,120,60,120,70,50,40,70,30,0,0,0
AL122011,              KATIA,20110902,1800,  , HU,18.0N,53.0W,65,987,150,120,70,120,70,50,40,70,30,0,0,0
AL122011,              KATIA,20110903,0,  , HU,18.4N,53.9W,65,987,150,120,70,120,70,50,40,70,30,0,0,0
AL122011,              KATIA,20110903,600,  , HU,18.8N,54.7W,65,987,150,120,70,120,70,50,40,70,30,0,0,0
AL122011,              KATIA,20110903,1200,  , HU,19.4N,55.4W,65,986,150,120,70,120,70,50,40,70,30,0,0,0
AL122011,              KATIA,20110903,1800,  , HU,19.9N,56.2W,65,982,150,120,70,120,70,50,40,60,30,0,0,0
AL122011,              KATIA,20110904,0,  , HU,20.4N,57.1W,70,978,150,120,70,120,70,50,40,60,30,0,0,0
AL122011,              KATIA,20110904,600,  , HU,21.1N,57.9W,75,969,150,120,70,120,70,50,40,60,30,20,0,30
AL122011,              KATIA,20110904,1200,  , HU,21.7N,58.8W,85,961,150,120,80,120,70,50,40,60,40,30,15,30
AL122011,              KATIA,20110904,1800,  , HU,22.3N,59.7W,90,959,150,120,80,120,70,50,40,60,40,40,20,30
AL122011,              KATIA,20110905,0,  , HU,23.0N,60.6W,90,957,150,120,90,130,70,50,40,60,40,40,20,30
AL122011,              KATIA,20110905,600,  , HU,23.6N,61.6W,95,954,160,120,90,130,70,60,50,60,40,40,30,40
AL122011,              KATIA,20110905,1200,  , HU,24.2N,62.6W,100,950,170,120,100,140,80,70,60,70,50,50,40,50
AL122011,              KATIA,20110905,1800,  , HU,24.8N,63.4W,110,946,180,120,100,140,80,70,60,70,50,50,40,50
AL122011,              KATIA,20110906,0,  , HU,25.6N,64.0W,120,942,180,120,110,140,80,70,60,70,50,50,40,50
AL122011,              KATIA,20110906,600,  , HU,26.2N,64.8W,115,946,180,120,110,140,80,70,60,70,50,50,40,50
AL122011,              KATIA,20110906,1200,  , HU,26.7N,65.6W,105,954,180,120,110,140,90,80,70,70,60,55,40,50
AL122011,              KATIA,20110906,1800,  , HU,27.3N,66.2W,95,959,180,125,120,140,90,90,80,70,60,60,40,50
AL122011,              KATIA,20110907,0,  , HU,27.7N,66.9W,85,964,180,130,120,150,100,90,80,70,60,60,40,50
AL122011,              KATIA,20110907,600,  , HU,28.2N,67.6W,85,967,180,140,120,150,100,90,80,70,70,50,40,50
AL122011,              KATIA,20110907,1200,  , HU,28.8N,68.4W,80,969,180,150,120,160,110,90,80,80,70,50,40,50
AL122011,              KATIA,20110907,1800,  , HU,29.4N,69.3W,80,969,180,160,120,170,120,100,80,85,70,50,40,50
AL122011,              KATIA,20110908,0,  , HU,30.3N,69.9W,80,968,190,170,150,180,130,100,80,90,70,60,40,60
AL122011,              KATIA,20110908,600,  , HU,31.5N,70.1W,80,967,200,180,150,180,140,110,90,100,80,60,40,70
AL122011,              KATIA,20110908,1200,  , HU,32.8N,70.2W,80,966,200,180,150,180,140,110,90,100,80,60,40,70
AL122011,              KATIA,20110908,1800,  , HU,34.1N,70.0W,80,965,200,190,180,160,130,120,90,100,70,60,40,60
AL122011,              KATIA,20110909,0,  , HU,35.6N,69.4W,80,964,200,200,180,160,120,120,100,100,60,60,40,50
AL122011,              KATIA,20110909,600,  , HU,37.1N,68.4W,75,963,200,210,150,160,120,120,100,100,55,55,45,50
AL122011,              KATIA,20110909,1200,  , HU,38.5N,67.1W,75,961,200,220,160,160,110,130,110,100,55,55,45,50
AL122011,              KATIA,20110909,1800,  , HU,39.8N,64.6W,75,960,200,220,190,160,110,140,110,100,50,60,50,50
AL122011,              KATIA,20110910,0,  , HU,41.0N,60.5W,75,958,200,230,220,160,100,150,120,100,50,60,60,50
AL122011,              KATIA,20110910,600,  , HU,42.2N,56.1W,75,956,200,250,250,160,100,160,145,100,50,70,70,50
AL122011,              KATIA,20110910,1200,  , EX,43.5N,50.6W,75,954,200,270,270,160,90,170,170,100,50,70,70,50
AL122011,              KATIA,20110910,1800,  , EX,45.4N,43.7W,75,954,200,270,270,160,90,170,170,100,50,70,70,50
AL122011,              KATIA,20110911,0,  , EX,47.3N,37.2W,70,957,200,270,270,160,90,170,170,100,50,70,70,50
AL122011,              KATIA,20110911,600,  , EX,49.1N,31.3W,70,960,200,270,270,160,90,170,170,100,50,70,70,50
AL122011,              KATIA,20110911,1200,  , EX,51.1N,26.0W,60,964,200,270,270,160,90,170,170,100,0,0,0,0
AL122011,              KATIA,20110911,1800,  , EX,52.8N,21.1W,60,966,200,270,270,160,90,170,170,100,0,0,0,0
AL122011,              KATIA,20110912,0,  , EX,54.7N,16.3W,60,968,200,270,270,160,90,170,170,100,0,0,0,0
AL122011,              KATIA,20110912,600,  , EX,56.2N,11.6W,60,970,200,270,270,160,90,170,170,100,0,0,0,0
AL122011,              KATIA,20110912,1200,  , EX,58.0N,7.0W,60,972,200,270,270,160,90,170,170,100,0,0,0,0
AL122011,              KATIA,20110912,1800,  , EX,59.5N,0.0W,60,974,200,270,270,160,90,170,170,100,0,0,0,0
AL132011,                LEE,20110902,0,  , TD,26.6N,91.4W,30,1007,0,0,0,0,0,0,0,0,0,0,0,0
AL132011,                LEE,20110902,600,  , TD,26.9N,91.4W,30,1006,0,0,0,0,0,0,0,0,0,0,0,0
AL132011,                LEE,20110902,1200,  , TS,27.2N,91.4W,35,1005,150,150,0,0,0,0,0,0,0,0,0,0
AL132011,                LEE,20110902,1800,  , TS,27.5N,91.4W,40,1003,175,175,0,0,0,0,0,0,0,0,0,0
AL132011,                LEE,20110903,0,  , TS,28.0N,91.5W,40,1001,175,175,0,90,0,0,0,0,0,0,0,0
AL132011,                LEE,20110903,600,  , TS,28.5N,91.8W,45,997,175,175,0,90,0,0,0,0,0,0,0,0
AL132011,                LEE,20110903,1200,  , SS,29.0N,92.0W,50,993,200,175,80,100,120,0,0,0,0,0,0,0
AL132011,                LEE,20110903,1800,  , SS,29.2N,92.2W,45,989,200,175,120,100,0,0,0,0,0,0,0,0
AL132011,                LEE,20110904,0,  , SS,29.4N,92.5W,40,988,225,200,130,75,0,0,0,0,0,0,0,0
AL132011,                LEE,20110904,600,  , SS,29.5N,92.5W,40,986,225,225,130,60,0,0,0,0,0,0,0,0
AL132011,                LEE,20110904,900, T, SS,29.5N,92.2W,40,986,225,225,130,60,0,0,0,0,0,0,0,0
AL132011,                LEE,20110904,1030, L, SS,29.6N,92.1W,40,986,225,225,130,60,0,0,0,0,0,0,0,0
AL132011,                LEE,20110904,1200,  , SS,29.7N,92.0W,35,986,200,250,130,45,0,0,0,0,0,0,0,0
AL132011,                LEE,20110904,1800,  , SS,30.3N,91.8W,35,988,0,250,140,0,0,0,0,0,0,0,0,0
AL132011,                LEE,20110905,0,  , SS,30.4N,91.6W,35,990,0,250,150,0,0,0,0,0,0,0,0,0
AL132011,                LEE,20110905,600,  , EX,30.4N,91.4W,35,993,0,250,175,0,0,0,0,0,0,0,0,0
AL132011,                LEE,20110905,1200,  , EX,30.6N,90.1W,40,995,0,250,250,0,0,0,0,0,0,0,0,0
AL132011,                LEE,20110905,1800,  , EX,31.5N,88.3W,40,995,0,250,250,0,0,0,0,0,0,0,0,0
AL132011,                LEE,20110906,0,  , EX,32.6N,86.5W,30,995,0,0,0,0,0,0,0,0,0,0,0,0
AL132011,                LEE,20110906,600,  , EX,33.4N,85.3W,20,997,0,0,0,0,0,0,0,0,0,0,0,0
AL132011,                LEE,20110906,1200,  , EX,34.2N,85.1W,15,1000,0,0,0,0,0,0,0,0,0,0,0,0
AL132011,                LEE,20110906,1800,  , EX,34.9N,85.3W,15,1004,0,0,0,0,0,0,0,0,0,0,0,0
AL142011,              MARIA,20110906,1800,  , TD,11.5N,35.9W,30,1008,0,0,0,0,0,0,0,0,0,0,0,0
AL142011,              MARIA,20110907,0,  , TS,11.9N,37.5W,35,1007,60,0,0,0,0,0,0,0,0,0,0,0
AL142011,              MARIA,20110907,600,  , TS,12.3N,39.1W,40,1006,60,0,0,0,0,0,0,0,0,0,0,0
AL142011,              MARIA,20110907,1200,  , TS,12.8N,41.0W,45,1004,75,0,0,75,0,0,0,0,0,0,0,0
AL142011,              MARIA,20110907,1800,  , TS,13.0N,43.0W,45,1004,90,0,0,75,0,0,0,0,0,0,0,0
AL142011,              MARIA,20110908,0,  , TS,13.2N,45.2W,45,1003,100,0,0,90,0,0,0,0,0,0,0,0
AL142011,              MARIA,20110908,600,  , TS,13.2N,47.7W,45,1002,150,0,0,90,0,0,0,0,0,0,0,0
AL142011,              MARIA,20110908,1200,  , TS,13.0N,50.1W,40,1004,150,0,0,90,0,0,0,0,0,0,0,0
AL142011,              MARIA,20110908,1800,  , TS,13.2N,52.1W,40,1004,135,0,0,90,0,0,0,0,0,0,0,0
AL142011,              MARIA,20110909,0,  , TS,13.5N,53.7W,40,1004,135,0,0,90,0,0,0,0,0,0,0,0
AL142011,              MARIA,20110909,600,  , TS,13.9N,55.2W,40,1003,135,0,0,100,0,0,0,0,0,0,0,0
AL142011,              MARIA,20110909,1200,  , DB,14.3N,56.6W,45,1003,135,0,0,100,0,0,0,0,0,0,0,0
AL142011,              MARIA,20110909,1800,  , DB,14.9N,57.9W,45,1004,135,60,0,100,0,0,0,0,0,0,0,0
AL142011,              MARIA,20110910,0,  , DB,15.4N,59.0W,45,1004,150,135,0,100,0,0,0,0,0,0,0,0
AL142011,              MARIA,20110910,600,  , DB,16.0N,60.0W,45,1005,150,90,0,100,0,0,0,0,0,0,0,0
AL142011,              MARIA,20110910,1200,  , TS,16.9N,61.1W,45,1005,150,0,0,0,0,0,0,0,0,0,0,0
AL142011,              MARIA,20110910,1800,  , TS,17.8N,62.0W,45,1005,150,0,0,0,0,0,0,0,0,0,0,0
AL142011,              MARIA,20110911,0,  , TS,18.3N,62.7W,45,1005,180,0,0,75,0,0,0,0,0,0,0,0
AL142011,              MARIA,20110911,600,  , TS,18.7N,63.4W,50,1004,180,0,0,75,90,0,0,0,0,0,0,0
AL142011,              MARIA,20110911,1200,  , TS,19.1N,64.1W,50,1004,180,75,0,90,90,0,0,0,0,0,0,0
AL142011,              MARIA,20110911,1800,  , TS,19.6N,64.7W,50,1005,180,100,0,90,100,0,0,0,0,0,0,0
AL142011,              MARIA,20110912,0,  , TS,20.0N,65.3W,50,1005,180,100,0,90,100,0,0,0,0,0,0,0
AL142011,              MARIA,20110912,600,  , TS,20.4N,66.1W,50,1005,180,100,0,90,100,0,0,0,0,0,0,0
AL142011,              MARIA,20110912,1200,  , TS,20.6N,66.9W,50,1006,180,100,0,60,100,0,0,0,0,0,0,0
AL142011,              MARIA,20110912,1800,  , TS,20.8N,67.1W,50,1006,180,180,0,60,100,0,0,0,0,0,0,0
AL142011,              MARIA,20110913,0,  , TS,21.0N,67.3W,45,1006,210,180,0,60,0,0,0,0,0,0,0,0
AL142011,              MARIA,20110913,600,  , TS,21.3N,67.5W,45,1006,180,180,0,0,0,0,0,0,0,0,0,0
AL142011,              MARIA,20110913,1200,  , TS,21.7N,67.7W,45,1006,180,180,0,0,0,0,0,0,0,0,0,0
AL142011,              MARIA,20110913,1800,  , TS,22.3N,68.0W,45,1005,150,150,0,0,0,0,0,0,0,0,0,0
AL142011,              MARIA,20110914,0,  , TS,23.1N,68.5W,45,1004,150,150,0,60,0,0,0,0,0,0,0,0
AL142011,              MARIA,20110914,600,  , TS,23.9N,69.0W,50,1001,150,150,0,60,60,0,0,0,0,0,0,0
AL142011,              MARIA,20110914,1200,  , TS,24.7N,69.3W,50,1001,150,150,0,60,60,0,0,0,0,0,0,0
AL142011,              MARIA,20110914,1800,  , TS,25.8N,69.3W,55,1000,150,150,0,0,60,60,0,0,0,0,0,0
AL142011,              MARIA,20110915,0,  , TS,27.2N,68.9W,60,999,180,180,0,0,100,100,0,0,0,0,0,0
AL142011,              MARIA,20110915,600,  , TS,28.8N,68.4W,60,995,180,180,0,0,100,100,0,0,0,0,0,0
AL142011,              MARIA,20110915,1200,  , TS,30.9N,67.8W,60,991,180,180,0,0,100,100,0,0,0,0,0,0
AL142011,              MARIA,20110915,1800,  , HU,33.7N,66.9W,65,987,180,180,60,60,100,100,0,0,0,40,0,0
AL142011,              MARIA,20110916,0,  , HU,36.8N,64.8W,70,984,180,180,60,60,100,100,30,30,40,40,0,0
AL142011,              MARIA,20110916,600,  , HU,39.8N,62.1W,70,983,180,180,60,60,100,100,30,30,40,40,0,0
AL142011,              MARIA,20110916,1200,  , HU,42.9N,58.2W,65,983,180,240,60,60,100,100,0,0,0,60,0,0
AL142011,              MARIA,20110916,1800,  , TS,46.7N,53.9W,60,983,300,270,60,60,150,120,0,0,0,0,0,0
AL142011,              MARIA,20110916,1830, L, TS,47.0N,53.5W,60,983,300,270,60,60,150,120,0,0,0,0,0,0
AL152011,               NATE,20110906,1800,  , LO,20.3N,93.9W,30,1006,0,0,0,0,0,0,0,0,0,0,0,0
AL152011,               NATE,20110907,0,  , LO,20.3N,93.7W,30,1006,0,0,0,0,0,0,0,0,0,0,0,0
AL152011,               NATE,20110907,600,  , LO,20.3N,93.3W,30,1005,0,0,0,0,0,0,0,0,0,0,0,0
AL152011,               NATE,20110907,1200,  , LO,20.3N,92.9W,35,1005,0,0,75,0,0,0,0,0,0,0,0,0
AL152011,               NATE,20110907,1800,  , TS,20.3N,92.6W,40,1004,0,0,90,60,0,0,0,0,0,0,0,0
AL152011,               NATE,20110908,0,  , TS,20.2N,92.5W,45,1003,0,90,90,60,0,0,0,0,0,0,0,0
AL152011,               NATE,20110908,600,  , TS,20.1N,92.4W,50,1000,0,90,120,75,0,40,0,0,0,0,0,0
AL152011,               NATE,20110908,1200,  , TS,19.9N,92.3W,55,997,45,90,120,75,0,40,75,0,0,0,0,0
AL152011,               NATE,20110908,1800,  , HU,19.7N,92.3W,65,995,75,90,120,75,0,50,90,0,0,40,0,0
AL152011,               NATE,20110909,0,  , HU,19.7N,92.1W,65,994,75,90,120,90,0,50,90,0,0,40,0,0
AL152011,               NATE,20110909,600,  , TS,19.9N,92.2W,55,998,60,75,90,90,0,50,60,0,0,0,0,0
AL152011,               NATE,20110909,1200,  , TS,20.0N,92.4W,50,999,60,75,90,90,0,50,60,0,0,0,0,0
AL152011,               NATE,20110909,1800,  , TS,20.0N,92.7W,45,999,60,75,90,60,0,0,0,0,0,0,0,0
AL152011,               NATE,20110910,0,  , TS,20.0N,93.0W,45,1000,60,75,90,60,0,0,0,0,0,0,0,0
AL152011,               NATE,20110910,600,  , TS,20.0N,93.4W,45,1000,60,75,90,60,0,0,0,0,0,0,0,0
AL152011,               NATE,20110910,1200,  , TS,20.1N,93.8W,50,1000,60,75,90,75,50,50,50,30,0,0,0,0
AL152011,               NATE,20110910,1800,  , TS,20.1N,94.2W,55,1000,75,75,90,90,50,50,50,30,0,0,0,0
AL152011,               NATE,20110911,0,  , TS,20.1N,94.7W,55,1000,75,75,90,90,50,50,50,30,0,0,0,0
AL152011,               NATE,20110911,600,  , TS,20.0N,95.4W,50,1003,60,60,75,75,40,40,40,30,0,0,0,0
AL152011,               NATE,20110911,1200,  , TS,20.3N,96.4W,40,1005,45,45,30,45,0,0,0,0,0,0,0,0
AL152011,               NATE,20110911,1600, L, TS,20.5N,97.0W,40,1006,45,45,30,45,0,0,0,0,0,0,0,0
AL152011,               NATE,20110911,1800,  , TS,20.5N,97.2W,35,1009,45,45,0,0,0,0,0,0,0,0,0,0
AL152011,               NATE,20110912,0,  , LO,20.5N,97.8W,25,1012,0,0,0,0,0,0,0,0,0,0,0,0
AL162011,            OPHELIA,20110920,600,  , LO,11.6N,37.0W,25,1008,0,0,0,0,0,0,0,0,0,0,0,0
AL162011,            OPHELIA,20110920,1200,  , LO,11.9N,37.7W,25,1007,0,0,0,0,0,0,0,0,0,0,0,0
AL162011,            OPHELIA,20110920,1800,  , TD,12.2N,38.6W,30,1007,0,0,0,0,0,0,0,0,0,0,0,0
AL162011,            OPHELIA,20110921,0,  , TS,12.5N,39.7W,40,1005,150,0,0,120,0,0,0,0,0,0,0,0
AL162011,            OPHELIA,20110921,600,  , TS,12.7N,41.1W,45,1004,150,90,0,150,0,0,0,0,0,0,0,0
AL162011,            OPHELIA,20110921,1200,  , TS,12.9N,42.6W,50,999,200,120,0,180,120,0,0,0,0,0,0,0
AL162011,            OPHELIA,20110921,1800,  , TS,13.1N,44.1W,50,999,200,120,0,180,120,0,0,0,0,0,0,0
AL162011,            OPHELIA,20110922,0,  , TS,13.3N,45.2W,50,998,200,120,0,180,120,0,0,0,0,0,0,0
AL162011,            OPHELIA,20110922,600,  , TS,13.5N,46.3W,55,993,200,120,0,180,120,0,0,90,0,0,0,0
AL162011,            OPHELIA,20110922,1200,  , TS,13.7N,47.3W,55,993,200,120,60,180,120,0,0,90,0,0,0,0
AL162011,            OPHELIA,20110922,1800,  , TS,13.9N,48.3W,50,997,200,120,60,180,120,0,0,90,0,0,0,0
AL162011,            OPHELIA,20110923,0,  , TS,14.1N,49.4W,45,1000,220,120,60,150,0,0,0,0,0,0,0,0
AL162011,            OPHELIA,20110923,600,  , TS,14.4N,50.5W,40,1003,220,120,0,120,0,0,0,0,0,0,0,0
AL162011,            OPHELIA,20110923,1200,  , TS,14.7N,51.7W,45,1003,220,120,0,100,0,0,0,0,0,0,0,0
AL162011,            OPHELIA,20110923,1800,  , TS,15.2N,52.9W,50,1001,220,100,0,100,60,0,0,0,0,0,0,0
AL162011,            OPHELIA,20110924,0,  , TS,15.8N,54.0W,45,1004,220,100,0,100,0,0,0,0,0,0,0,0
AL162011,            OPHELIA,20110924,600,  , TS,16.5N,54.8W,45,1005,220,100,0,100,0,0,0,0,0,0,0,0
AL162011,            OPHELIA,20110924,1200,  , TS,17.2N,55.9W,45,1005,220,100,0,100,0,0,0,0,0,0,0,0
AL162011,            OPHELIA,20110924,1800,  , TS,17.6N,57.0W,40,1007,220,100,0,100,0,0,0,0,0,0,0,0
AL162011,            OPHELIA,20110925,0,  , TS,17.9N,58.0W,40,1008,220,100,0,100,0,0,0,0,0,0,0,0
AL162011,            OPHELIA,20110925,600,  , TS,18.2N,59.0W,35,1008,200,100,0,0,0,0,0,0,0,0,0,0
AL162011,            OPHELIA,20110925,1200,  , LO,18.4N,59.8W,30,1010,0,0,0,0,0,0,0,0,0,0,0,0
AL162011,            OPHELIA,20110925,1800,  , LO,18.6N,60.5W,30,1012,0,0,0,0,0,0,0,0,0,0,0,0
AL162011,            OPHELIA,20110926,0,  , DB,18.5N,60.8W,25,1012,0,0,0,0,0,0,0,0,0,0,0,0
AL162011,            OPHELIA,20110926,600,  , DB,18.3N,60.7W,25,1012,0,0,0,0,0,0,0,0,0,0,0,0
AL162011,            OPHELIA,20110926,1200,  , DB,18.0N,60.5W,25,1012,0,0,0,0,0,0,0,0,0,0,0,0
AL162011,            OPHELIA,20110926,1800,  , DB,17.8N,60.2W,25,1012,0,0,0,0,0,0,0,0,0,0,0,0
AL162011,            OPHELIA,20110927,0,  , DB,17.6N,59.9W,25,1012,0,0,0,0,0,0,0,0,0,0,0,0
AL162011,            OPHELIA,20110927,600,  , DB,17.6N,59.5W,25,1012,0,0,0,0,0,0,0,0,0,0,0,0
AL162011,            OPHELIA,20110927,1200,  , TD,17.8N,59.3W,25,1010,0,0,0,0,0,0,0,0,0,0,0,0
AL162011,            OPHELIA,20110927,1800,  , TD,18.0N,59.4W,25,1009,0,0,0,0,0,0,0,0,0,0,0,0
AL162011,            OPHELIA,20110928,0,  , TD,18.1N,59.5W,30,1009,0,0,0,0,0,0,0,0,0,0,0,0
AL162011,            OPHELIA,20110928,600,  , TS,18.2N,59.6W,40,1005,60,60,0,0,0,0,0,0,0,0,0,0
AL162011,            OPHELIA,20110928,1200,  , TS,18.4N,59.8W,40,1001,75,75,0,30,0,0,0,0,0,0,0,0
AL162011,            OPHELIA,20110928,1800,  , TS,18.7N,60.1W,45,1001,75,75,0,45,0,0,0,0,0,0,0,0
AL162011,            OPHELIA,20110929,0,  , TS,19.1N,60.5W,50,995,90,75,0,75,50,0,0,0,0,0,0,0
AL162011,            OPHELIA,20110929,600,  , TS,19.6N,60.9W,55,995,90,75,0,75,50,0,0,0,0,0,0,0
AL162011,            OPHELIA,20110929,1200,  , TS,20.2N,61.4W,55,991,90,75,0,75,50,0,0,0,0,0,0,0
AL162011,            OPHELIA,20110929,1800,  , HU,21.0N,61.9W,65,987,120,90,60,75,50,30,0,30,25,0,0,0
AL162011,            OPHELIA,20110930,0,  , HU,21.6N,62.3W,70,982,150,120,60,90,50,40,30,40,25,20,0,20
AL162011,            OPHELIA,20110930,600,  , HU,22.4N,62.7W,85,971,150,150,60,90,60,50,40,40,25,25,20,20
AL162011,            OPHELIA,20110930,1200,  , HU,23.4N,63.0W,95,966,150,150,60,90,60,50,40,40,25,25,20,20
AL162011,            OPHELIA,20110930,1800,  , HU,24.6N,63.3W,100,959,150,150,60,90,60,50,40,40,25,25,20,20
AL162011,            OPHELIA,20111001,0,  , HU,25.9N,63.3W,105,955,180,180,60,90,60,60,40,40,30,30,20,20
AL162011,            OPHELIA,20111001,600,  , HU,27.3N,63.2W,105,951,180,180,80,90,60,60,40,40,30,30,20,20
AL162011,            OPHELIA,20111001,1200,  , HU,28.9N,63.1W,105,948,180,180,80,90,60,60,40,40,30,30,20,20
AL162011,            OPHELIA,20111001,1800,  , HU,30.7N,62.9W,110,946,180,180,80,90,60,60,40,40,30,30,20,20
AL162011,            OPHELIA,20111002,0,  , HU,32.8N,62.5W,120,940,180,180,80,90,60,60,40,40,30,30,20,20
AL162011,            OPHELIA,20111002,600,  , HU,35.0N,62.1W,110,945,180,180,80,90,60,60,40,40,30,30,20,20
AL162011,            OPHELIA,20111002,1200,  , HU,37.4N,61.6W,105,951,180,180,80,90,60,60,40,40,30,30,20,20
AL162011,            OPHELIA,20111002,1800,  , HU,40.1N,60.8W,90,960,180,200,80,90,70,80,40,40,40,40,20,20
AL162011,            OPHELIA,20111003,0,  , HU,42.8N,59.6W,70,972,180,200,100,90,70,80,30,30,40,40,0,20
AL162011,            OPHELIA,20111003,600,  , TS,45.4N,57.6W,60,980,180,200,120,60,70,100,0,0,0,0,0,0
AL162011,            OPHELIA,20111003,1000, S, EX,46.9N,55.4W,60,990,180,200,120,60,70,100,0,0,0,0,0,0
AL162011,            OPHELIA,20111003,1200,  , EX,47.4N,54.0W,50,994,150,250,150,60,70,100,0,0,0,0,0,0
AL162011,            OPHELIA,20111003,1800,  , EX,48.9N,49.2W,45,994,150,250,175,60,0,0,0,0,0,0,0,0
AL162011,            OPHELIA,20111004,0,  , EX,49.9N,43.6W,40,994,0,250,0,0,0,0,0,0,0,0,0,0
AL162011,            OPHELIA,20111004,600,  , EX,50.6N,37.8W,40,996,0,250,0,0,0,0,0,0,0,0,0,0
AL162011,            OPHELIA,20111004,1200,  , EX,51.3N,31.9W,40,996,0,250,0,0,0,0,0,0,0,0,0,0
AL172011,           PHILIPPE,20110923,0,  , LO,8.3N,17.5W,20,1010,0,0,0,0,0,0,0,0,0,0,0,0
AL172011,           PHILIPPE,20110923,600,  , LO,8.6N,19.1W,20,1010,0,0,0,0,0,0,0,0,0,0,0,0
AL172011,           PHILIPPE,20110923,1200,  , LO,9.0N,20.6W,25,1010,0,0,0,0,0,0,0,0,0,0,0,0
AL172011,           PHILIPPE,20110923,1800,  , LO,9.5N,22.0W,25,1009,0,0,0,0,0,0,0,0,0,0,0,0
AL172011,           PHILIPPE,20110924,0,  , LO,10.4N,23.3W,30,1008,0,0,0,0,0,0,0,0,0,0,0,0
AL172011,           PHILIPPE,20110924,600,  , TD,11.0N,24.7W,30,1007,0,0,0,0,0,0,0,0,0,0,0,0
AL172011,           PHILIPPE,20110924,1200,  , TS,11.1N,26.1W,35,1006,30,0,0,30,0,0,0,0,0,0,0,0
AL172011,           PHILIPPE,20110924,1800,  , TS,11.2N,27.3W,35,1006,30,0,0,30,0,0,0,0,0,0,0,0
AL172011,           PHILIPPE,20110925,0,  , TS,11.5N,28.4W,35,1006,30,0,0,45,0,0,0,0,0,0,0,0
AL172011,           PHILIPPE,20110925,600,  , TS,12.1N,29.4W,40,1006,45,30,30,45,0,0,0,0,0,0,0,0
AL172011,           PHILIPPE,20110925,1200,  , TS,12.7N,30.3W,40,1006,45,30,30,45,0,0,0,0,0,0,0,0
AL172011,           PHILIPPE,20110925,1800,  , TS,13.2N,31.2W,45,1005,45,30,45,60,0,0,0,0,0,0,0,0
AL172011,           PHILIPPE,20110926,0,  , TS,13.8N,32.1W,45,1005,60,45,45,60,0,0,0,0,0,0,0,0
AL172011,           PHILIPPE,20110926,600,  , TS,14.4N,33.0W,45,1004,60,45,45,60,0,0,0,0,0,0,0,0
AL172011,           PHILIPPE,20110926,1200,  , TS,14.9N,33.6W,50,1003,60,45,45,60,25,20,0,20,0,0,0,0
AL172011,           PHILIPPE,20110926,1800,  , TS,15.3N,34.1W,50,1003,60,60,45,60,30,20,0,30,0,0,0,0
AL172011,           PHILIPPE,20110927,0,  , TS,15.4N,34.4W,45,1004,75,60,60,45,0,0,0,0,0,0,0,0
AL172011,           PHILIPPE,20110927,600,  , TS,15.5N,34.7W,45,1004,75,75,60,45,0,0,0,0,0,0,0,0
AL172011,           PHILIPPE,20110927,1200,  , TS,15.6N,35.2W,40,1005,75,60,45,45,0,0,0,0,0,0,0,0
AL172011,           PHILIPPE,20110927,1800,  , TS,15.7N,35.8W,35,1006,75,45,0,45,0,0,0,0,0,0,0,0
AL172011,           PHILIPPE,20110928,0,  , TD,15.8N,36.6W,30,1007,0,0,0,0,0,0,0,0,0,0,0,0
AL172011,           PHILIPPE,20110928,600,  , TD,16.0N,37.4W,30,1007,0,0,0,0,0,0,0,0,0,0,0,0
AL172011,           PHILIPPE,20110928,1200,  , TS,16.2N,38.4W,35,1006,90,60,0,45,0,0,0,0,0,0,0,0
AL172011,           PHILIPPE,20110928,1800,  , TS,16.6N,39.4W,40,1005,90,60,0,45,0,0,0,0,0,0,0,0
AL172011,           PHILIPPE,20110929,0,  , TS,17.1N,40.5W,40,1005,90,60,0,45,0,0,0,0,0,0,0,0
AL172011,           PHILIPPE,20110929,600,  , TS,17.8N,41.5W,45,1004,90,60,0,45,0,0,0,0,0,0,0,0
AL172011,           PHILIPPE,20110929,1200,  , TS,18.7N,42.3W,45,1004,90,45,0,45,0,0,0,0,0,0,0,0
AL172011,           PHILIPPE,20110929,1800,  , TS,19.7N,43.0W,45,1005,90,45,0,60,0,0,0,0,0,0,0,0
AL172011,           PHILIPPE,20110930,0,  , TS,20.7N,43.6W,40,1007,90,30,0,60,0,0,0,0,0,0,0,0
AL172011,           PHILIPPE,20110930,600,  , TS,21.7N,44.2W,40,1007,75,30,0,60,0,0,0,0,0,0,0,0
AL172011,           PHILIPPE,20110930,1200,  , TS,22.5N,44.8W,45,1006,75,30,30,60,0,0,0,0,0,0,0,0
AL172011,           PHILIPPE,20110930,1800,  , TS,23.2N,45.6W,45,1005,75,30,30,60,0,0,0,0,0,0,0,0
AL172011,           PHILIPPE,20111001,0,  , TS,23.8N,46.3W,50,1003,75,30,30,60,25,0,0,25,0,0,0,0
AL172011,           PHILIPPE,20111001,600,  , TS,24.1N,47.0W,55,999,75,45,30,75,25,0,0,25,0,0,0,0
AL172011,           PHILIPPE,20111001,1200,  , TS,24.4N,47.6W,60,997,90,45,45,75,25,0,0,25,0,0,0,0
AL172011,           PHILIPPE,20111001,1800,  , TS,24.8N,48.4W,60,995,90,60,45,90,25,0,0,25,0,0,0,0
AL172011,           PHILIPPE,20111002,0,  , TS,25.2N,49.3W,60,993,90,75,45,90,35,30,0,35,0,0,0,0
AL172011,           PHILIPPE,20111002,600,  , TS,25.8N,50.3W,50,998,90,75,45,90,35,30,0,35,0,0,0,0
AL172011,           PHILIPPE,20111002,1200,  , TS,26.2N,51.2W,40,1004,90,75,45,90,0,0,0,0,0,0,0,0
AL172011,           PHILIPPE,20111002,1800,  , TS,26.3N,52.3W,40,1004,90,75,60,90,0,0,0,0,0,0,0,0
AL172011,           PHILIPPE,20111003,0,  , TS,26.2N,53.2W,45,1004,90,75,60,90,0,0,0,0,0,0,0,0
AL172011,           PHILIPPE,20111003,600,  , TS,25.6N,54.0W,50,1001,90,75,45,75,25,20,0,20,0,0,0,0
AL172011,           PHILIPPE,20111003,1200,  , TS,24.9N,54.8W,55,998,90,75,45,60,25,20,0,20,0,0,0,0
AL172011,           PHILIPPE,20111003,1800,  , TS,24.3N,55.6W,60,995,90,75,45,60,25,20,0,20,0,0,0,0
AL172011,           PHILIPPE,20111004,0,  , HU,23.8N,56.6W,65,992,90,75,45,60,30,30,0,20,20,15,0,10
AL172011,           PHILIPPE,20111004,600,  , HU,23.7N,57.7W,65,992,90,75,45,60,30,30,0,20,20,15,0,10
AL172011,           PHILIPPE,20111004,1200,  , TS,23.8N,58.7W,60,993,75,75,45,45,30,30,0,25,0,0,0,0
AL172011,           PHILIPPE,20111004,1800,  , TS,24.0N,59.6W,60,994,75,75,30,45,30,30,0,25,0,0,0,0
AL172011,           PHILIPPE,20111005,0,  , TS,24.3N,60.2W,60,994,75,75,30,30,35,30,10,25,0,0,0,0
AL172011,           PHILIPPE,20111005,600,  , TS,24.7N,60.7W,60,994,75,75,30,30,35,30,10,25,0,0,0,0
AL172011,           PHILIPPE,20111005,1200,  , TS,25.2N,61.0W,55,995,75,75,45,45,35,35,15,25,0,0,0,0
AL172011,           PHILIPPE,20111005,1800,  , TS,25.5N,61.1W,55,995,75,75,45,45,40,35,20,25,0,0,0,0
AL172011,           PHILIPPE,20111006,0,  , TS,25.9N,61.1W,60,992,75,75,45,45,40,40,20,30,0,0,0,0
AL172011,           PHILIPPE,20111006,600,  , HU,26.5N,61.0W,65,987,75,75,45,45,40,40,25,30,20,20,0,0
AL172011,           PHILIPPE,20111006,1200,  , HU,27.4N,60.4W,70,983,75,75,45,45,40,45,30,30,20,20,0,0
AL172011,           PHILIPPE,20111006,1800,  , HU,28.2N,59.7W,80,977,60,75,60,60,45,45,30,30,20,20,15,10
AL172011,           PHILIPPE,20111007,0,  , HU,28.7N,58.8W,80,976,60,75,60,75,45,45,35,35,25,25,20,15
AL172011,           PHILIPPE,20111007,600,  , HU,29.0N,57.7W,80,976,60,75,75,75,45,45,35,35,25,30,20,20
AL172011,           PHILIPPE,20111007,1200,  , HU,29.3N,56.5W,80,977,75,90,75,75,40,45,35,35,30,30,20,20
AL172011,           PHILIPPE,20111007,1800,  , HU,29.7N,55.1W,70,981,75,90,75,75,40,45,35,35,25,25,15,15
AL172011,           PHILIPPE,20111008,0,  , HU,30.1N,53.5W,65,986,60,90,75,75,35,45,30,30,20,20,10,0
AL172011,           PHILIPPE,20111008,600,  , TS,30.9N,51.4W,60,987,60,90,75,75,30,40,25,25,0,0,0,0
AL172011,           PHILIPPE,20111008,1200,  , TS,32.3N,48.7W,60,987,75,90,75,75,30,35,10,20,0,0,0,0
AL172011,           PHILIPPE,20111008,1800,  , EX,34.4N,46.0W,50,987,75,135,75,105,30,30,0,15,0,0,0,0
AL172011,           PHILIPPE,20111009,0,  , EX,37.5N,43.6W,45,987,90,180,90,150,0,0,0,0,0,0,0,0
AL182011,               RINA,20111022,0,  , LO,12.7N,81.0W,25,1007,0,0,0,0,0,0,0,0,0,0,0,0
AL182011,               RINA,20111022,600,  , LO,12.7N,81.2W,25,1007,0,0,0,0,0,0,0,0,0,0,0,0
AL182011,               RINA,20111022,1200,  , LO,12.9N,81.4W,25,1006,0,0,0,0,0,0,0,0,0,0,0,0
AL182011,               RINA,20111022,1800,  , LO,13.2N,81.4W,25,1006,0,0,0,0,0,0,0,0,0,0,0,0
AL182011,               RINA,20111023,0,  , LO,13.6N,81.4W,25,1006,0,0,0,0,0,0,0,0,0,0,0,0
AL182011,               RINA,20111023,600,  , TD,14.2N,81.4W,25,1006,0,0,0,0,0,0,0,0,0,0,0,0
AL182011,               RINA,20111023,1200,  , TD,14.8N,81.5W,25,1006,0,0,0,0,0,0,0,0,0,0,0,0
AL182011,               RINA,20111023,1800,  , TD,15.5N,81.7W,30,1005,0,0,0,0,0,0,0,0,0,0,0,0
AL182011,               RINA,20111024,0,  , TS,16.0N,81.9W,35,1004,0,0,60,60,0,0,0,0,0,0,0,0
AL182011,               RINA,20111024,600,  , TS,16.5N,82.2W,40,1003,0,0,60,80,0,0,0,0,0,0,0,0
AL182011,               RINA,20111024,1200,  , TS,16.9N,82.6W,50,1001,60,40,60,80,25,0,0,35,0,0,0,0
AL182011,               RINA,20111024,1800,  , HU,17.1N,83.0W,65,991,60,60,75,100,25,20,25,35,15,10,0,15
AL182011,               RINA,20111025,0,  , HU,17.2N,83.2W,75,982,60,60,75,100,25,20,25,35,15,10,0,15
AL182011,               RINA,20111025,600,  , HU,17.3N,83.5W,90,976,60,60,75,100,25,25,25,25,15,10,10,15
AL182011,               RINA,20111025,1200,  , HU,17.3N,83.8W,95,972,60,60,75,100,25,25,25,25,15,10,10,15
AL182011,               RINA,20111025,1800,  , HU,17.3N,84.2W,100,971,75,75,75,100,35,35,35,35,20,20,20,20
AL182011,               RINA,20111026,0,  , HU,17.4N,84.6W,100,966,75,75,75,100,35,50,45,35,20,20,20,25
AL182011,               RINA,20111026,600,  , HU,17.5N,85.0W,100,969,80,80,80,100,50,50,50,50,20,20,20,25
AL182011,               RINA,20111026,1200,  , HU,17.7N,85.4W,85,973,80,80,80,100,50,50,50,50,20,20,20,20
AL182011,               RINA,20111026,1800,  , HU,18.0N,85.8W,80,976,70,90,80,70,40,40,40,40,15,15,15,15
AL182011,               RINA,20111027,0,  , HU,18.3N,86.3W,80,978,70,90,80,70,40,40,40,40,15,15,15,15
AL182011,               RINA,20111027,600,  , HU,18.6N,86.7W,65,987,60,75,60,60,25,25,25,25,15,15,15,15
AL182011,               RINA,20111027,1200,  , TS,19.0N,86.9W,60,988,60,75,60,60,25,25,25,25,0,0,0,0
AL182011,               RINA,20111027,1800,  , TS,19.5N,87.1W,60,991,60,60,50,60,20,20,20,20,0,0,0,0
AL182011,               RINA,20111028,0,  , TS,20.2N,87.2W,55,996,60,60,25,40,20,20,0,0,0,0,0,0
AL182011,               RINA,20111028,200, L, TS,20.5N,87.2W,50,996,60,60,25,40,20,20,0,0,0,0,0,0
AL182011,               RINA,20111028,600,  , TS,20.9N,87.1W,50,998,60,60,20,30,20,20,0,0,0,0,0,0
AL182011,               RINA,20111028,1200,  , TS,21.4N,86.9W,40,1002,35,35,0,0,0,0,0,0,0,0,0,0
AL182011,               RINA,20111028,1800,  , LO,21.7N,86.4W,25,1007,0,0,0,0,0,0,0,0,0,0,0,0
AL182011,               RINA,20111029,0,  , LO,21.8N,85.3W,20,1008,0,0,0,0,0,0,0,0,0,0,0,0
AL182011,               RINA,20111029,600,  , LO,21.5N,84.2W,20,1008,0,0,0,0,0,0,0,0,0,0,0,0
AL192011,               SEAN,20111106,0,  , EX,28.5N,70.0W,45,1005,400,0,0,0,0,0,0,0,0,0,0,0
AL192011,               SEAN,20111106,600,  , EX,28.5N,69.2W,45,1005,400,0,0,0,0,0,0,0,0,0,0,0
AL192011,               SEAN,20111106,1200,  , EX,28.4N,68.8W,45,1005,400,0,0,0,0,0,0,0,0,0,0,0
AL192011,               SEAN,20111106,1800,  , EX,28.0N,68.5W,45,1005,400,0,0,0,0,0,0,0,0,0,0,0
AL192011,               SEAN,20111107,0,  , EX,27.9N,68.6W,45,1005,350,0,0,0,0,0,0,0,0,0,0,0
AL192011,               SEAN,20111107,600,  , EX,27.7N,68.7W,40,1005,350,0,0,0,0,0,0,0,0,0,0,0
AL192011,               SEAN,20111107,1200,  , EX,27.5N,69.0W,40,1005,350,0,0,0,0,0,0,0,0,0,0,0
AL192011,               SEAN,20111107,1800,  , LO,27.6N,69.3W,40,1004,350,0,0,0,0,0,0,0,0,0,0,0
AL192011,               SEAN,20111108,0,  , LO,27.6N,69.6W,40,1002,350,0,0,0,0,0,0,0,0,0,0,0
AL192011,               SEAN,20111108,600,  , SS,27.7N,69.8W,40,1001,300,0,150,330,0,0,0,0,0,0,0,0
AL192011,               SEAN,20111108,1200,  , SS,27.8N,70.0W,45,1000,300,120,150,330,0,0,0,0,0,0,0,0
AL192011,               SEAN,20111108,1800,  , TS,27.8N,70.0W,45,999,200,120,150,200,0,0,0,0,0,0,0,0
AL192011,               SEAN,20111109,0,  , TS,27.8N,70.1W,45,999,240,120,120,240,0,0,0,0,0,0,0,0
AL192011,               SEAN,20111109,600,  , TS,27.8N,70.2W,50,996,250,120,120,250,60,0,0,0,0,0,0,0
AL192011,               SEAN,20111109,1200,  , TS,27.9N,70.4W,55,994,250,120,120,250,60,0,0,0,0,0,0,0
AL192011,               SEAN,20111109,1800,  , TS,28.3N,70.6W,55,991,250,120,120,200,60,60,0,40,0,0,0,0
AL192011,               SEAN,20111110,0,  , TS,29.0N,70.7W,55,987,220,120,120,200,60,60,0,40,0,0,0,0
AL192011,               SEAN,20111110,600,  , TS,29.7N,70.9W,55,984,220,120,90,120,45,45,0,0,0,0,0,0
AL192011,               SEAN,20111110,1200,  , TS,30.2N,70.7W,55,982,220,120,90,120,45,45,0,0,0,0,0,0
AL192011,               SEAN,20111110,1800,  , TS,30.5N,70.0W,55,983,220,135,90,120,35,35,0,0,0,0,0,0
AL192011,               SEAN,20111111,0,  , TS,31.0N,69.0W,55,984,220,135,90,120,35,35,0,0,0,0,0,0
AL192011,               SEAN,20111111,600,  , TS,32.2N,67.2W,50,987,150,120,100,60,30,30,0,0,0,0,0,0
AL192011,               SEAN,20111111,1200,  , TS,33.4N,65.3W,45,991,150,120,100,60,0,0,0,0,0,0,0,0
AL192011,               SEAN,20111111,1800,  , TS,34.8N,62.6W,40,995,150,120,75,60,0,0,0,0,0,0,0,0
AL192011,               SEAN,20111112,0,  , EX,35.9N,59.4W,35,1000,150,120,0,0,0,0,0,0,0,0,0,0
AL192011,               SEAN,20111112,600,  , EX,38.0N,57.2W,35,1000,150,120,0,0,0,0,0,0,0,0,0,0
AL192011,               SEAN,20111112,1200,  , EX,40.0N,55.0W,35,1000,150,120,0,0,0,0,0,0,0,0,0,0
AL192011,               SEAN,20111112,1800,  , EX,42.5N,52.4W,35,1000,150,120,0,0,0,0,0,0,0,0,0,0
AL202011,            UNNAMED,20110831,1200,  , LO,37.1N,64.3W,25,1013,0,0,0,0,0,0,0,0,0,0,0,0
AL202011,            UNNAMED,20110831,1800,  , LO,37.1N,64.1W,25,1013,0,0,0,0,0,0,0,0,0,0,0,0
AL202011,            UNNAMED,20110901,0,  , TD,37.3N,63.9W,25,1011,0,0,0,0,0,0,0,0,0,0,0,0
AL202011,            UNNAMED,20110901,600,  , TD,37.4N,63.7W,30,1008,0,0,0,0,0,0,0,0,0,0,0,0
AL202011,            UNNAMED,20110901,1200,  , TS,37.4N,63.7W,40,1004,60,0,0,60,0,0,0,0,0,0,0,0
AL202011,            UNNAMED,20110901,1800,  , TS,37.4N,63.8W,35,1005,60,0,0,60,0,0,0,0,0,0,0,0
AL202011,            UNNAMED,20110902,0,  , TS,37.5N,63.8W,35,1005,60,0,0,60,0,0,0,0,0,0,0,0
AL202011,            UNNAMED,20110902,600,  , TS,37.8N,63.7W,40,1002,60,0,0,60,0,0,0,0,0,0,0,0
AL202011,            UNNAMED,20110902,1200,  , TS,38.0N,62.8W,40,1002,60,50,0,0,0,0,0,0,0,0,0,0
AL202011,            UNNAMED,20110902,1800,  , TS,39.0N,61.8W,35,1003,60,50,0,0,0,0,0,0,0,0,0,0
AL202011,            UNNAMED,20110903,0,  , EX,40.0N,60.7W,30,1004,0,0,0,0,0,0,0,0,0,0,0,0
AL202011,            UNNAMED,20110903,600,  , EX,41.0N,59.9W,30,1004,0,0,0,0,0,0,0,0,0,0,0,0
AL202011,            UNNAMED,20110903,1200,  , EX,42.0N,59.2W,30,1004,0,0,0,0,0,0,0,0,0,0,0,0
AL202011,            UNNAMED,20110903,1800,  , EX,42.4N,57.8W,30,1004,0,0,0,0,0,0,0,0,0,0,0,0
AL012012,            ALBERTO,20120519,0,  , LO,33.1N,77.0W,25,1010,0,0,0,0,0,0,0,0,0,0,0,0
AL012012,            ALBERTO,20120519,600,  , TD,32.8N,77.1W,30,1008,0,0,0,0,0,0,0,0,0,0,0,0
AL012012,            ALBERTO,20120519,1200,  , TS,32.5N,77.3W,40,1005,30,0,30,30,0,0,0,0,0,0,0,0
AL012012,            ALBERTO,20120519,1800,  , TS,32.3N,77.6W,45,997,40,0,30,40,0,0,0,0,0,0,0,0
AL012012,            ALBERTO,20120520,0,  , TS,32.1N,78.1W,50,995,40,0,30,40,0,0,0,20,0,0,0,0
AL012012,            ALBERTO,20120520,600,  , TS,31.9N,78.7W,45,998,40,0,0,60,0,0,0,0,0,0,0,0
AL012012,            ALBERTO,20120520,1200,  , TS,31.5N,79.5W,40,1000,40,0,0,60,0,0,0,0,0,0,0,0
AL012012,            ALBERTO,20120520,1800,  , TS,31.1N,79.9W,40,1005,40,20,30,60,0,0,0,0,0,0,0,0
AL012012,            ALBERTO,20120521,0,  , TS,30.7N,80.1W,35,1007,40,20,30,60,0,0,0,0,0,0,0,0
AL012012,            ALBERTO,20120521,600,  , TS,30.4N,79.8W,35,1007,40,20,30,50,0,0,0,0,0,0,0,0
AL012012,            ALBERTO,20120521,1200,  , TS,30.4N,79.1W,35,1007,40,20,30,50,0,0,0,0,0,0,0,0
AL012012,            ALBERTO,20120521,1800,  , TS,30.5N,78.3W,35,1006,40,30,30,30,0,0,0,0,0,0,0,0
AL012012,            ALBERTO,20120522,0,  , TS,30.7N,77.1W,35,1007,40,30,0,0,0,0,0,0,0,0,0,0
AL012012,            ALBERTO,20120522,600,  , TS,31.5N,76.1W,35,1007,40,30,0,0,0,0,0,0,0,0,0,0
AL012012,            ALBERTO,20120522,1200,  , LO,32.5N,74.7W,30,1008,0,0,0,0,0,0,0,0,0,0,0,0
AL012012,            ALBERTO,20120522,1800,  , LO,33.4N,73.4W,30,1008,0,0,0,0,0,0,0,0,0,0,0,0
AL012012,            ALBERTO,20120523,0,  , LO,34.1N,71.9W,25,1010,0,0,0,0,0,0,0,0,0,0,0,0
AL012012,            ALBERTO,20120523,600,  , LO,34.9N,70.1W,25,1011,0,0,0,0,0,0,0,0,0,0,0,0
AL012012,            ALBERTO,20120523,1200,  , LO,35.5N,67.9W,25,1012,0,0,0,0,0,0,0,0,0,0,0,0
AL012012,            ALBERTO,20120523,1800,  , LO,35.9N,66.0W,25,1012,0,0,0,0,0,0,0,0,0,0,0,0
AL022012,              BERYL,20120525,1200,  , LO,30.1N,76.1W,30,1010,0,0,0,0,0,0,0,0,0,0,0,0
AL022012,              BERYL,20120525,1800,  , LO,31.1N,75.1W,35,1006,80,120,0,0,0,0,0,0,0,0,0,0
AL022012,              BERYL,20120526,0,  , SS,32.3N,75.0W,40,1001,100,100,0,100,0,0,0,0,0,0,0,0
AL022012,              BERYL,20120526,600,  , SS,32.4N,75.3W,40,1001,100,60,40,100,0,0,0,0,0,0,0,0
AL022012,              BERYL,20120526,1200,  , SS,32.0N,75.9W,40,1000,100,60,40,100,0,0,0,0,0,0,0,0
AL022012,              BERYL,20120526,1800,  , SS,31.5N,76.2W,40,999,100,60,60,100,0,0,0,0,0,0,0,0
AL022012,              BERYL,20120527,0,  , SS,31.1N,77.0W,45,998,80,50,50,80,0,0,0,0,0,0,0,0
AL022012,              BERYL,20120527,600,  , SS,30.7N,78.0W,45,998,80,50,50,80,0,0,0,0,0,0,0,0
AL022012,              BERYL,20120527,1200,  , SS,30.3N,78.9W,50,998,80,80,60,80,50,0,0,0,0,0,0,0
AL022012,              BERYL,20120527,1800,  , TS,30.1N,79.8W,55,997,100,100,60,80,50,0,0,0,0,0,0,0
AL022012,              BERYL,20120527,2300, I, TS,30.1N,80.5W,60,992,100,100,60,80,50,0,30,30,0,0,0,0
AL022012,              BERYL,20120528,0,  , TS,30.1N,80.7W,60,993,100,100,40,80,40,0,30,30,0,0,0,0
AL022012,              BERYL,20120528,410, L, TS,30.2N,81.4W,55,994,100,100,20,80,40,0,0,30,0,0,0,0
AL022012,              BERYL,20120528,600,  , TS,30.2N,81.7W,50,996,120,70,0,40,40,0,0,0,0,0,0,0
AL022012,              BERYL,20120528,1200,  , TD,30.4N,82.5W,30,1000,0,0,0,0,0,0,0,0,0,0,0,0
AL022012,              BERYL,20120528,1800,  , TD,30.5N,83.0W,30,1003,0,0,0,0,0,0,0,0,0,0,0,0
AL022012,              BERYL,20120529,0,  , TD,30.6N,83.2W,25,1005,0,0,0,0,0,0,0,0,0,0,0,0
AL022012,              BERYL,20120529,600,  , TD,30.8N,83.4W,25,1005,0,0,0,0,0,0,0,0,0,0,0,0
AL022012,              BERYL,20120529,1200,  , TD,31.3N,83.0W,25,1006,0,0,0,0,0,0,0,0,0,0,0,0
AL022012,              BERYL,20120529,1800,  , TD,31.7N,82.7W,25,1006,0,0,0,0,0,0,0,0,0,0,0,0
AL022012,              BERYL,20120530,0,  , TD,32.0N,81.8W,25,1004,0,0,0,0,0,0,0,0,0,0,0,0
AL022012,              BERYL,20120530,600,  , TS,32.6N,80.6W,35,1002,0,100,0,0,0,0,0,0,0,0,0,0
AL022012,              BERYL,20120530,1200,  , TS,33.7N,78.9W,40,1000,0,100,0,0,0,0,0,0,0,0,0,0
AL022012,              BERYL,20120530,1800,  , LO,34.5N,77.1W,40,997,0,100,0,0,0,0,0,0,0,0,0,0
AL022012,              BERYL,20120531,0,  , LO,35.4N,75.1W,45,994,0,130,100,50,0,0,0,0,0,0,0,0
AL022012,              BERYL,20120531,600,  , LO,36.3N,72.9W,40,996,0,130,100,50,0,0,0,0,0,0,0,0
AL022012,              BERYL,20120531,1200,  , LO,37.1N,70.4W,35,998,0,130,100,0,0,0,0,0,0,0,0,0
AL022012,              BERYL,20120531,1800,  , LO,37.8N,67.6W,35,1000,0,130,100,0,0,0,0,0,0,0,0,0
AL022012,              BERYL,20120601,0,  , EX,38.7N,65.0W,35,1001,0,130,100,0,0,0,0,0,0,0,0,0
AL022012,              BERYL,20120601,600,  , EX,39.4N,62.4W,35,1002,0,130,100,0,0,0,0,0,0,0,0,0
AL022012,              BERYL,20120601,1200,  , EX,39.4N,59.8W,35,1001,0,130,100,0,0,0,0,0,0,0,0,0
AL022012,              BERYL,20120601,1800,  , EX,38.5N,57.5W,35,1000,0,0,0,90,0,0,0,0,0,0,0,0
AL022012,              BERYL,20120602,0,  , EX,38.1N,53.2W,35,1000,0,0,0,90,0,0,0,0,0,0,0,0
AL032012,              CHRIS,20120617,0,  , LO,28.8N,68.8W,20,1009,0,0,0,0,0,0,0,0,0,0,0,0
AL032012,              CHRIS,20120617,600,  , LO,29.3N,66.9W,25,1008,0,0,0,0,0,0,0,0,0,0,0,0
AL032012,              CHRIS,20120617,1200,  , LO,30.4N,65.4W,30,1007,0,0,0,0,0,0,0,0,0,0,0,0
AL032012,              CHRIS,20120617,1800,  , LO,31.8N,64.2W,35,1004,0,0,40,40,0,0,0,0,0,0,0,0
AL032012,              CHRIS,20120618,0,  , LO,33.4N,63.5W,35,1004,40,40,40,40,0,0,0,0,0,0,0,0
AL032012,              CHRIS,20120618,600,  , LO,35.1N,62.8W,35,1004,50,50,0,0,0,0,0,0,0,0,0,0
AL032012,              CHRIS,20120618,1200,  , LO,36.7N,62.0W,35,1004,50,50,0,0,0,0,0,0,0,0,0,0
AL032012,              CHRIS,20120618,1800,  , SS,38.0N,61.3W,40,1004,50,50,0,40,0,0,0,0,0,0,0,0
AL032012,              CHRIS,20120619,0,  , SS,38.6N,60.4W,40,1003,60,60,0,40,0,0,0,0,0,0,0,0
AL032012,              CHRIS,20120619,600,  , SS,39.1N,59.6W,40,1003,60,60,0,40,0,0,0,0,0,0,0,0
AL032012,              CHRIS,20120619,1200,  , TS,39.4N,58.7W,40,1003,60,60,0,40,0,0,0,0,0,0,0,0
AL032012,              CHRIS,20120619,1800,  , TS,39.5N,58.0W,40,1003,60,60,40,40,0,0,0,0,0,0,0,0
AL032012,              CHRIS,20120620,0,  , TS,38.9N,56.7W,40,1003,60,70,40,40,0,0,0,0,0,0,0,0
AL032012,              CHRIS,20120620,600,  , TS,38.3N,54.7W,40,1002,60,70,50,40,0,0,0,0,0,0,0,0
AL032012,              CHRIS,20120620,1200,  , TS,38.1N,52.5W,45,1001,60,80,60,40,0,0,0,0,0,0,0,0
AL032012,              CHRIS,20120620,1800,  , TS,38.2N,50.2W,50,999,60,80,60,40,30,30,0,0,0,0,0,0
AL032012,              CHRIS,20120621,0,  , TS,38.6N,47.5W,60,991,60,80,60,40,30,30,0,0,0,0,0,0
AL032012,              CHRIS,20120621,600,  , HU,39.5N,45.5W,70,982,60,80,60,40,30,30,25,20,15,15,10,10
AL032012,              CHRIS,20120621,1200,  , HU,40.5N,43.9W,75,974,70,80,60,50,40,40,30,25,20,20,10,10
AL032012,              CHRIS,20120621,1800,  , HU,41.9N,42.9W,70,975,70,80,60,50,40,30,30,20,15,15,10,10
AL032012,              CHRIS,20120622,0,  , TS,43.3N,42.8W,60,978,70,70,50,60,50,40,30,20,0,0,0,0
AL032012,              CHRIS,20120622,600,  , TS,44.5N,43.9W,50,982,70,60,40,70,40,30,20,30,0,0,0,0
AL032012,              CHRIS,20120622,1200,  , EX,44.8N,45.8W,45,985,60,40,30,80,0,0,0,0,0,0,0,0
AL032012,              CHRIS,20120622,1800,  , EX,44.2N,47.8W,40,988,50,30,30,80,0,0,0,0,0,0,0,0
AL032012,              CHRIS,20120623,0,  , EX,42.6N,48.4W,35,989,40,0,30,80,0,0,0,0,0,0,0,0
AL032012,              CHRIS,20120623,600,  , EX,40.9N,47.4W,35,989,0,0,50,70,0,0,0,0,0,0,0,0
AL032012,              CHRIS,20120623,1200,  , EX,40.0N,45.0W,35,990,0,0,50,70,0,0,0,0,0,0,0,0
AL032012,              CHRIS,20120623,1800,  , EX,40.5N,42.5W,30,991,0,0,0,0,0,0,0,0,0,0,0,0
AL032012,              CHRIS,20120624,0,  , EX,41.4N,40.2W,30,991,0,0,0,0,0,0,0,0,0,0,0,0
AL032012,              CHRIS,20120624,600,  , EX,42.9N,38.5W,25,993,0,0,0,0,0,0,0,0,0,0,0,0
AL032012,              CHRIS,20120624,1200,  , EX,43.7N,38.2W,20,995,0,0,0,0,0,0,0,0,0,0,0,0
AL042012,              DEBBY,20120623,1200,  , TS,25.5N,87.6W,35,1002,150,150,0,0,0,0,0,0,0,0,0,0
AL042012,              DEBBY,20120623,1800,  , TS,26.0N,87.5W,40,1001,150,150,0,0,0,0,0,0,0,0,0,0
AL042012,              DEBBY,20120624,0,  , TS,26.5N,87.4W,45,998,150,150,0,0,0,0,0,0,0,0,0,0
AL042012,              DEBBY,20120624,600,  , TS,27.0N,87.2W,50,995,150,150,0,80,70,0,0,70,0,0,0,0
AL042012,              DEBBY,20120624,1200,  , TS,27.6N,86.8W,55,994,200,200,60,80,70,0,0,70,0,0,0,0
AL042012,              DEBBY,20120624,1800,  , TS,28.0N,86.3W,55,992,200,200,60,90,0,0,0,70,0,0,0,0
AL042012,              DEBBY,20120625,0,  , TS,28.3N,86.0W,50,990,175,200,80,110,0,0,0,70,0,0,0,0
AL042012,              DEBBY,20120625,600,  , TS,28.6N,85.8W,45,993,150,200,80,110,0,0,0,0,0,0,0,0
AL042012,              DEBBY,20120625,1200,  , TS,28.8N,85.6W,40,994,100,200,60,90,0,0,0,0,0,0,0,0
AL042012,              DEBBY,20120625,1800,  , TS,29.0N,85.3W,40,992,100,220,0,90,0,0,0,0,0,0,0,0
AL042012,              DEBBY,20120626,0,  , TS,29.0N,85.0W,45,991,100,220,0,70,0,0,0,0,0,0,0,0
AL042012,              DEBBY,20120626,600,  , TS,28.9N,84.7W,40,991,100,220,0,50,0,0,0,0,0,0,0,0
AL042012,              DEBBY,20120626,1200,  , TS,28.9N,84.3W,40,992,80,180,0,50,0,0,0,0,0,0,0,0
AL042012,              DEBBY,20120626,1800,  , TS,29.2N,83.7W,35,995,50,150,0,30,0,0,0,0,0,0,0,0
AL042012,              DEBBY,20120626,2100, L, TS,29.3N,83.2W,35,995,50,150,0,30,0,0,0,0,0,0,0,0
AL042012,              DEBBY,20120627,0,  , TD,29.4N,82.7W,30,997,0,0,0,0,0,0,0,0,0,0,0,0
AL042012,              DEBBY,20120627,600,  , TD,29.5N,81.5W,30,998,0,0,0,0,0,0,0,0,0,0,0,0
AL042012,              DEBBY,20120627,1200,  , TD,29.5N,80.3W,30,1001,0,0,0,0,0,0,0,0,0,0,0,0
AL052012,            ERNESTO,20120801,1200,  , TD,11.6N,46.7W,30,1008,0,0,0,0,0,0,0,0,0,0,0,0
AL052012,            ERNESTO,20120801,1800,  , TD,12.0N,48.2W,30,1008,0,0,0,0,0,0,0,0,0,0,0,0
AL052012,            ERNESTO,20120802,0,  , TD,12.4N,49.9W,30,1008,0,0,0,0,0,0,0,0,0,0,0,0
AL052012,            ERNESTO,20120802,600,  , TD,12.7N,51.7W,30,1008,0,0,0,0,0,0,0,0,0,0,0,0
AL052012,            ERNESTO,20120802,1200,  , TS,13.0N,53.6W,35,1007,90,0,0,60,0,0,0,0,0,0,0,0
AL052012,            ERNESTO,20120802,1800,  , TS,13.2N,55.5W,45,1006,90,30,0,60,0,0,0,0,0,0,0,0
AL052012,            ERNESTO,20120803,0,  , TS,13.4N,57.5W,45,1005,90,60,0,60,0,0,0,0,0,0,0,0
AL052012,            ERNESTO,20120803,600,  , TS,13.6N,59.7W,40,1005,90,80,0,60,0,0,0,0,0,0,0,0
AL052012,            ERNESTO,20120803,1200,  , TS,13.7N,61.6W,40,1003,90,100,0,60,0,0,0,0,0,0,0,0
AL052012,            ERNESTO,20120803,1800,  , TS,13.8N,63.3W,40,1003,100,100,0,60,0,0,0,0,0,0,0,0
AL052012,            ERNESTO,20120804,0,  , TS,13.8N,64.8W,40,1004,100,80,0,50,0,0,0,0,0,0,0,0
AL052012,            ERNESTO,20120804,600,  , TS,13.9N,66.4W,45,1005,100,80,0,50,0,0,0,0,0,0,0,0
AL052012,            ERNESTO,20120804,1200,  , TS,14.2N,67.9W,45,1005,100,80,0,50,0,0,0,0,0,0,0,0
AL052012,            ERNESTO,20120804,1800,  , TS,14.6N,69.5W,45,1005,110,80,0,40,0,0,0,0,0,0,0,0
AL052012,            ERNESTO,20120805,0,  , TS,15.0N,71.5W,45,1006,110,80,0,40,0,0,0,0,0,0,0,0
AL052012,            ERNESTO,20120805,600,  , TS,15.0N,73.8W,45,1006,110,80,0,30,0,0,0,0,0,0,0,0
AL052012,            ERNESTO,20120805,1200,  , TS,15.0N,76.1W,45,1006,110,80,0,30,0,0,0,0,0,0,0,0
AL052012,            ERNESTO,20120805,1800,  , TS,15.1N,77.8W,45,1005,110,80,0,30,0,0,0,0,0,0,0,0
AL052012,            ERNESTO,20120806,0,  , TS,15.2N,78.9W,45,1003,110,80,0,30,0,0,0,0,0,0,0,0
AL052012,            ERNESTO,20120806,600,  , TS,15.4N,79.6W,50,998,110,60,0,30,30,0,0,0,0,0,0,0
AL052012,            ERNESTO,20120806,1200,  , TS,15.7N,80.2W,55,996,110,60,0,30,30,0,0,0,0,0,0,0
AL052012,            ERNESTO,20120806,1800,  , TS,16.2N,81.2W,55,995,110,60,0,30,30,0,0,0,0,0,0,0
AL052012,            ERNESTO,20120807,0,  , TS,16.7N,82.2W,55,994,110,60,0,30,30,0,0,0,0,0,0,0
AL052012,            ERNESTO,20120807,600,  , TS,17.3N,83.3W,55,993,110,80,30,40,40,0,0,0,0,0,0,0
AL052012,            ERNESTO,20120807,1200,  , HU,17.8N,84.4W,65,988,120,100,30,60,40,0,0,0,20,0,0,0
AL052012,            ERNESTO,20120807,1800,  , HU,18.4N,85.7W,75,983,120,120,40,70,60,30,0,20,30,20,0,10
AL052012,            ERNESTO,20120808,0,  , HU,18.7N,87.1W,80,979,140,140,40,70,60,40,20,30,30,20,0,10
AL052012,            ERNESTO,20120808,100, L, HU,18.7N,87.2W,80,977,140,140,40,70,60,40,20,30,30,20,0,10
AL052012,            ERNESTO,20120808,315, L, HU,18.8N,87.7W,85,973,140,140,40,70,60,40,20,30,30,20,0,10
AL052012,            ERNESTO,20120808,600,  , HU,18.8N,88.3W,80,973,140,140,40,70,60,40,20,30,30,20,0,10
AL052012,            ERNESTO,20120808,1200,  , TS,18.8N,89.6W,60,983,140,140,40,70,60,30,0,30,0,0,0,0
AL052012,            ERNESTO,20120808,1800,  , TS,18.8N,90.8W,50,993,120,100,50,70,30,0,0,0,0,0,0,0
AL052012,            ERNESTO,20120809,0,  , TS,18.8N,91.7W,55,993,120,60,50,70,30,0,0,0,0,0,0,0
AL052012,            ERNESTO,20120809,600,  , TS,18.7N,92.8W,60,992,120,60,50,80,30,0,0,30,0,0,0,0
AL052012,            ERNESTO,20120809,1200,  , TS,18.4N,93.8W,55,989,120,60,30,80,30,0,0,30,0,0,0,0
AL052012,            ERNESTO,20120809,1615, L, TS,18.3N,94.6W,55,989,120,60,30,80,30,0,0,30,0,0,0,0
AL052012,            ERNESTO,20120809,1800,  , TS,18.2N,94.9W,50,993,120,30,0,60,30,0,0,30,0,0,0,0
AL052012,            ERNESTO,20120810,0,  , TS,18.0N,96.0W,40,997,100,0,0,30,0,0,0,0,0,0,0,0
AL052012,            ERNESTO,20120810,600,  , TD,17.9N,97.2W,30,1002,0,0,0,0,0,0,0,0,0,0,0,0
AL062012,           FLORENCE,20120803,600,  , LO,12.2N,23.1W,25,1011,0,0,0,0,0,0,0,0,0,0,0,0
AL062012,           FLORENCE,20120803,1200,  , LO,12.5N,24.5W,30,1010,0,0,0,0,0,0,0,0,0,0,0,0
AL062012,           FLORENCE,20120803,1800,  , TD,13.0N,25.9W,30,1009,0,0,0,0,0,0,0,0,0,0,0,0
AL062012,           FLORENCE,20120804,0,  , TD,13.5N,27.3W,30,1009,0,0,0,0,0,0,0,0,0,0,0,0
AL062012,           FLORENCE,20120804,600,  , TS,14.1N,28.6W,35,1007,40,0,0,30,0,0,0,0,0,0,0,0
AL062012,           FLORENCE,20120804,1200,  , TS,14.7N,29.9W,40,1005,50,30,0,40,0,0,0,0,0,0,0,0
AL062012,           FLORENCE,20120804,1800,  , TS,15.3N,31.2W,45,1003,60,40,0,50,0,0,0,0,0,0,0,0
AL062012,           FLORENCE,20120805,0,  , TS,15.8N,32.5W,50,1002,70,50,20,60,30,20,0,30,0,0,0,0
AL062012,           FLORENCE,20120805,600,  , TS,16.1N,33.8W,50,1002,70,50,20,60,30,20,0,30,0,0,0,0
AL062012,           FLORENCE,20120805,1200,  , TS,16.2N,35.0W,45,1004,60,40,20,50,0,0,0,0,0,0,0,0
AL062012,           FLORENCE,20120805,1800,  , TS,16.2N,36.2W,45,1005,50,30,20,40,0,0,0,0,0,0,0,0
AL062012,           FLORENCE,20120806,0,  , TS,16.2N,37.3W,35,1008,40,0,0,40,0,0,0,0,0,0,0,0
AL062012,           FLORENCE,20120806,600,  , TD,16.3N,38.4W,30,1009,0,0,0,0,0,0,0,0,0,0,0,0
AL062012,           FLORENCE,20120806,1200,  , LO,16.4N,39.6W,30,1009,0,0,0,0,0,0,0,0,0,0,0,0
AL062012,           FLORENCE,20120806,1800,  , LO,16.5N,40.9W,30,1009,0,0,0,0,0,0,0,0,0,0,0,0
AL062012,           FLORENCE,20120807,0,  , LO,16.7N,42.5W,25,1010,0,0,0,0,0,0,0,0,0,0,0,0
AL062012,           FLORENCE,20120807,600,  , LO,16.9N,44.3W,25,1010,0,0,0,0,0,0,0,0,0,0,0,0
AL062012,           FLORENCE,20120807,1200,  , LO,17.2N,46.3W,25,1010,0,0,0,0,0,0,0,0,0,0,0,0
AL062012,           FLORENCE,20120807,1800,  , LO,17.6N,48.5W,25,1011,0,0,0,0,0,0,0,0,0,0,0,0
AL062012,           FLORENCE,20120808,0,  , LO,18.0N,50.7W,25,1011,0,0,0,0,0,0,0,0,0,0,0,0
AL062012,           FLORENCE,20120808,600,  , LO,18.4N,52.9W,25,1011,0,0,0,0,0,0,0,0,0,0,0,0
AL072012,             HELENE,20120809,1800,  , TD,13.7N,43.0W,30,1010,0,0,0,0,0,0,0,0,0,0,0,0
AL072012,             HELENE,20120810,0,  , TD,13.6N,44.6W,30,1009,0,0,0,0,0,0,0,0,0,0,0,0
AL072012,             HELENE,20120810,600,  , TD,13.5N,46.3W,30,1008,0,0,0,0,0,0,0,0,0,0,0,0
AL072012,             HELENE,20120810,1200,  , TD,13.4N,48.2W,30,1009,0,0,0,0,0,0,0,0,0,0,0,0
AL072012,             HELENE,20120810,1800,  , TD,13.4N,50.5W,30,1009,0,0,0,0,0,0,0,0,0,0,0,0
AL072012,             HELENE,20120811,0,  , TD,13.4N,52.9W,30,1009,0,0,0,0,0,0,0,0,0,0,0,0
AL072012,             HELENE,20120811,600,  , TD,13.4N,55.4W,30,1009,0,0,0,0,0,0,0,0,0,0,0,0
AL072012,             HELENE,20120811,1200,  , WV,13.3N,57.9W,30,1011,0,0,0,0,0,0,0,0,0,0,0,0
AL072012,             HELENE,20120811,1800,  , WV,13.3N,59.9W,30,1011,0,0,0,0,0,0,0,0,0,0,0,0
AL072012,             HELENE,20120812,0,  , WV,13.5N,61.4W,30,1011,0,0,0,0,0,0,0,0,0,0,0,0
AL072012,             HELENE,20120812,600,  , WV,13.7N,63.2W,30,1011,0,0,0,0,0,0,0,0,0,0,0,0
AL072012,             HELENE,20120812,1200,  , WV,13.9N,65.6W,30,1011,0,0,0,0,0,0,0,0,0,0,0,0
AL072012,             HELENE,20120812,1800,  , WV,14.1N,68.0W,30,1010,0,0,0,0,0,0,0,0,0,0,0,0
AL072012,             HELENE,20120813,0,  , WV,14.1N,70.4W,30,1009,0,0,0,0,0,0,0,0,0,0,0,0
AL072012,             HELENE,20120813,600,  , WV,14.1N,72.7W,30,1009,0,0,0,0,0,0,0,0,0,0,0,0
AL072012,             HELENE,20120813,1200,  , WV,14.1N,74.9W,30,1008,0,0,0,0,0,0,0,0,0,0,0,0
AL072012,             HELENE,20120813,1800,  , WV,14.1N,76.6W,30,1008,0,0,0,0,0,0,0,0,0,0,0,0
AL072012,             HELENE,20120814,0,  , WV,14.1N,78.4W,30,1008,0,0,0,0,0,0,0,0,0,0,0,0
AL072012,             HELENE,20120814,600,  , WV,14.1N,80.1W,30,1009,0,0,0,0,0,0,0,0,0,0,0,0
AL072012,             HELENE,20120814,1200,  , WV,14.1N,81.8W,30,1009,0,0,0,0,0,0,0,0,0,0,0,0
AL072012,             HELENE,20120814,1800,  , WV,14.3N,83.6W,30,1009,0,0,0,0,0,0,0,0,0,0,0,0
AL072012,             HELENE,20120815,0,  , WV,14.7N,85.3W,30,1010,0,0,0,0,0,0,0,0,0,0,0,0
AL072012,             HELENE,20120815,600,  , WV,15.2N,87.0W,30,1010,0,0,0,0,0,0,0,0,0,0,0,0
AL072012,             HELENE,20120815,1200,  , LO,15.7N,88.6W,30,1011,0,0,0,0,0,0,0,0,0,0,0,0
AL072012,             HELENE,20120815,1800,  , LO,16.5N,89.5W,25,1011,0,0,0,0,0,0,0,0,0,0,0,0
AL072012,             HELENE,20120816,0,  , LO,17.5N,90.5W,25,1011,0,0,0,0,0,0,0,0,0,0,0,0
AL072012,             HELENE,20120816,600,  , LO,18.5N,91.0W,25,1011,0,0,0,0,0,0,0,0,0,0,0,0
AL072012,             HELENE,20120816,1200,  , LO,19.2N,91.5W,25,1011,0,0,0,0,0,0,0,0,0,0,0,0
AL072012,             HELENE,20120816,1800,  , LO,19.3N,92.6W,25,1011,0,0,0,0,0,0,0,0,0,0,0,0
AL072012,             HELENE,20120817,0,  , LO,19.3N,94.2W,25,1011,0,0,0,0,0,0,0,0,0,0,0,0
AL072012,             HELENE,20120817,600,  , LO,19.7N,95.2W,25,1011,0,0,0,0,0,0,0,0,0,0,0,0
AL072012,             HELENE,20120817,1200,  , TD,19.9N,95.7W,30,1009,0,0,0,0,0,0,0,0,0,0,0,0
AL072012,             HELENE,20120817,1800,  , TS,20.3N,95.9W,40,1004,0,20,20,0,0,0,0,0,0,0,0,0
AL072012,             HELENE,20120818,0,  , TS,20.8N,96.1W,35,1006,0,30,30,0,0,0,0,0,0,0,0,0
AL072012,             HELENE,20120818,600,  , TD,21.4N,96.8W,30,1007,0,0,0,0,0,0,0,0,0,0,0,0
AL072012,             HELENE,20120818,1200, L, TD,21.9N,97.7W,30,1008,0,0,0,0,0,0,0,0,0,0,0,0
AL072012,             HELENE,20120818,1800,  , TD,22.5N,98.7W,25,1009,0,0,0,0,0,0,0,0,0,0,0,0
AL072012,             HELENE,20120819,0,  , LO,22.7N,98.9W,25,1009,0,0,0,0,0,0,0,0,0,0,0,0
AL082012,             GORDON,20120815,1200,  , TD,27.6N,54.6W,30,1013,0,0,0,0,0,0,0,0,0,0,0,0
AL082012,             GORDON,20120815,1800,  , TD,29.1N,55.1W,30,1012,0,0,0,0,0,0,0,0,0,0,0,0
AL082012,             GORDON,20120816,0,  , TS,30.5N,55.4W,35,1010,20,20,0,0,0,0,0,0,0,0,0,0
AL082012,             GORDON,20120816,600,  , TS,31.7N,55.2W,40,1009,30,30,0,0,0,0,0,0,0,0,0,0
AL082012,             GORDON,20120816,1200,  , TS,32.9N,54.4W,45,1006,40,40,20,20,0,0,0,0,0,0,0,0
AL082012,             GORDON,20120816,1800,  , TS,33.9N,53.0W,55,998,40,50,30,20,20,20,0,0,0,0,0,0
AL082012,             GORDON,20120817,0,  , TS,34.3N,51.1W,60,995,40,50,30,20,20,20,0,0,0,0,0,0
AL082012,             GORDON,20120817,600,  , TS,34.6N,49.1W,55,998,40,50,50,20,20,30,20,0,0,0,0,0
AL082012,             GORDON,20120817,1200,  , TS,34.4N,47.0W,55,997,60,70,70,60,20,30,30,0,0,0,0,0
AL082012,             GORDON,20120817,1800,  , TS,34.3N,45.0W,55,993,70,90,90,70,20,40,40,0,0,0,0,0
AL082012,             GORDON,20120818,0,  , TS,34.2N,43.1W,60,990,70,90,100,70,20,40,40,0,0,0,0,0
AL082012,             GORDON,20120818,600,  , HU,34.0N,41.5W,65,987,80,110,110,80,20,50,50,0,0,20,20,0
AL082012,             GORDON,20120818,1200,  , HU,34.0N,39.6W,75,979,80,110,110,80,30,60,60,0,0,30,30,0
AL082012,             GORDON,20120818,1800,  , HU,34.0N,37.5W,90,969,80,110,110,80,40,60,60,20,20,30,30,0
AL082012,             GORDON,20120819,0,  , HU,34.3N,35.0W,95,965,80,110,110,80,40,60,60,40,20,30,30,20
AL082012,             GORDON,20120819,600,  , HU,34.7N,32.6W,90,969,80,110,110,80,40,60,60,40,20,30,30,20
AL082012,             GORDON,20120819,1200,  , HU,35.2N,30.6W,90,969,70,110,110,80,30,60,60,40,20,30,30,20
AL082012,             GORDON,20120819,1800,  , HU,35.7N,28.5W,80,977,70,110,110,80,30,60,60,40,20,30,30,20
AL082012,             GORDON,20120820,0,  , HU,36.4N,26.6W,70,981,70,100,80,70,40,60,50,40,20,30,30,20
AL082012,             GORDON,20120820,530, L, HU,37.0N,25.1W,65,984,70,100,80,70,40,50,40,40,20,30,20,20
AL082012,             GORDON,20120820,600,  , HU,37.1N,25.0W,65,984,70,100,80,70,40,50,40,40,20,30,20,20
AL082012,             GORDON,20120820,1200,  , TS,37.9N,23.2W,60,990,90,90,60,70,40,50,30,40,0,0,0,0
AL082012,             GORDON,20120820,1800,  , LO,38.9N,21.1W,45,996,90,90,40,60,0,0,0,0,0,0,0,0
AL082012,             GORDON,20120821,0,  , LO,39.8N,19.3W,40,1000,90,90,40,60,0,0,0,0,0,0,0,0
AL082012,             GORDON,20120821,600,  , LO,40.0N,17.7W,40,1002,90,90,40,60,0,0,0,0,0,0,0,0
AL082012,             GORDON,20120821,1200,  , LO,39.8N,16.6W,30,1004,0,0,0,0,0,0,0,0,0,0,0,0
AL092012,              ISAAC,20120820,1200,  , LO,15.7N,44.8W,25,1010,0,0,0,0,0,0,0,0,0,0,0,0
AL092012,              ISAAC,20120820,1800,  , LO,15.6N,46.8W,30,1009,0,0,0,0,0,0,0,0,0,0,0,0
AL092012,              ISAAC,20120821,0,  , LO,15.2N,48.5W,30,1008,0,0,0,0,0,0,0,0,0,0,0,0
AL092012,              ISAAC,20120821,600,  , TD,14.9N,50.1W,30,1007,0,0,0,0,0,0,0,0,0,0,0,0
AL092012,              ISAAC,20120821,1200,  , TD,15.0N,51.6W,30,1006,0,0,0,0,0,0,0,0,0,0,0,0
AL092012,              ISAAC,20120821,1800,  , TS,15.2N,53.1W,35,1005,40,0,0,0,0,0,0,0,0,0,0,0
AL092012,              ISAAC,20120822,0,  , TS,15.4N,54.8W,40,1004,40,0,0,0,0,0,0,0,0,0,0,0
AL092012,              ISAAC,20120822,600,  , TS,15.7N,56.6W,45,1003,50,0,0,0,0,0,0,0,0,0,0,0
AL092012,              ISAAC,20120822,1200,  , TS,15.9N,58.6W,45,1004,90,0,0,40,0,0,0,0,0,0,0,0
AL092012,              ISAAC,20120822,1800,  , TS,16.1N,60.4W,45,1004,150,0,0,60,0,0,0,0,0,0,0,0
AL092012,              ISAAC,20120823,0,  , TS,15.7N,62.0W,45,1004,200,0,0,70,0,0,0,0,0,0,0,0
AL092012,              ISAAC,20120823,600,  , TS,15.0N,63.4W,45,1004,180,30,0,80,0,0,0,0,0,0,0,0
AL092012,              ISAAC,20120823,1200,  , TS,15.1N,65.0W,45,1003,160,40,0,100,0,0,0,0,0,0,0,0
AL092012,              ISAAC,20120823,1800,  , TS,15.6N,66.4W,45,1003,150,50,0,110,0,0,0,0,0,0,0,0
AL092012,              ISAAC,20120824,0,  , TS,15.7N,67.8W,45,1002,150,60,30,120,0,0,0,0,0,0,0,0
AL092012,              ISAAC,20120824,600,  , TS,15.4N,69.1W,45,998,150,90,50,130,0,0,0,0,0,0,0,0
AL092012,              ISAAC,20120824,1200,  , TS,15.7N,70.4W,50,995,150,120,60,140,60,0,0,0,0,0,0,0
AL092012,              ISAAC,20120824,1800,  , TS,16.6N,71.2W,55,993,180,150,60,150,60,20,0,0,0,0,0,0
AL092012,              ISAAC,20120825,0,  , TS,17.3N,71.8W,55,992,200,150,60,200,60,30,0,0,0,0,0,0
AL092012,              ISAAC,20120825,600, L, TS,18.3N,72.7W,55,991,180,110,60,180,60,20,0,0,0,0,0,0
AL092012,              ISAAC,20120825,1200,  , TS,19.6N,73.9W,50,997,180,110,50,150,60,0,0,0,0,0,0,0
AL092012,              ISAAC,20120825,1500, L, TS,20.1N,74.5W,50,997,180,110,50,150,60,0,0,0,0,0,0,0
AL092012,              ISAAC,20120825,1800,  , TS,20.8N,75.2W,50,997,180,120,40,150,60,0,0,0,0,0,0,0
AL092012,              ISAAC,20120826,0,  , TS,21.8N,76.7W,50,997,180,130,40,180,60,0,0,0,0,0,0,0
AL092012,              ISAAC,20120826,600,  , TS,22.7N,78.3W,55,995,180,90,40,180,60,0,0,0,0,0,0,0
AL092012,              ISAAC,20120826,1200,  , TS,23.4N,80.0W,55,995,180,90,40,180,50,0,0,0,0,0,0,0
AL092012,              ISAAC,20120826,1800,  , TS,23.7N,81.4W,50,992,180,90,50,180,50,0,0,20,0,0,0,0
AL092012,              ISAAC,20120827,0,  , TS,24.2N,82.6W,50,990,180,120,50,180,50,0,0,30,0,0,0,0
AL092012,              ISAAC,20120827,600,  , TS,25.0N,83.6W,50,989,180,150,60,180,50,20,0,40,0,0,0,0
AL092012,              ISAAC,20120827,1200,  , TS,25.7N,84.7W,55,987,180,150,70,180,60,40,0,40,0,0,0,0
AL092012,              ISAAC,20120827,1800,  , TS,26.3N,85.7W,60,982,180,150,80,180,60,50,20,50,0,0,0,0
AL092012,              ISAAC,20120828,0,  , TS,26.8N,86.7W,60,979,180,150,100,180,70,60,30,60,0,0,0,0
AL092012,              ISAAC,20120828,600,  , TS,27.4N,87.6W,60,978,180,150,110,170,80,70,40,60,0,0,0,0
AL092012,              ISAAC,20120828,1200,  , HU,28.0N,88.3W,65,975,180,150,120,160,80,80,50,60,60,60,0,0
AL092012,              ISAAC,20120828,1800,  , HU,28.6N,88.8W,70,972,180,150,140,150,90,90,60,60,60,60,0,0
AL092012,              ISAAC,20120829,0, L, HU,28.9N,89.4W,70,967,180,150,150,140,90,90,60,50,50,60,0,0
AL092012,              ISAAC,20120829,300, T, HU,29.0N,89.7W,70,965,180,150,150,140,90,90,60,50,50,60,0,0
AL092012,              ISAAC,20120829,600,  , HU,29.1N,90.0W,70,966,180,150,150,130,90,80,60,40,50,50,0,0
AL092012,              ISAAC,20120829,800, L, HU,29.2N,90.2W,70,966,180,150,150,130,90,80,60,40,50,50,0,0
AL092012,              ISAAC,20120829,1200,  , HU,29.4N,90.5W,65,968,180,150,150,110,80,70,40,30,50,50,0,0
AL092012,              ISAAC,20120829,1800,  , TS,29.7N,90.8W,60,973,180,150,150,90,60,60,20,20,0,0,0,0
AL092012,              ISAAC,20120830,0,  , TS,30.1N,91.1W,55,977,150,150,140,70,40,50,0,0,0,0,0,0
AL092012,              ISAAC,20120830,600,  , TS,30.6N,91.5W,55,982,100,160,140,50,0,40,0,0,0,0,0,0
AL092012,              ISAAC,20120830,1200,  , TS,31.3N,91.9W,45,987,60,160,140,0,0,0,0,0,0,0,0,0
AL092012,              ISAAC,20120830,1800,  , TS,32.1N,92.4W,35,993,0,170,0,0,0,0,0,0,0,0,0,0
AL092012,              ISAAC,20120831,0,  , TD,33.1N,92.9W,30,998,0,0,0,0,0,0,0,0,0,0,0,0
AL092012,              ISAAC,20120831,600,  , TD,34.3N,93.5W,25,1000,0,0,0,0,0,0,0,0,0,0,0,0
AL092012,              ISAAC,20120831,1200,  , TD,35.6N,94.0W,20,1001,0,0,0,0,0,0,0,0,0,0,0,0
AL092012,              ISAAC,20120831,1800,  , TD,36.8N,94.1W,20,1003,0,0,0,0,0,0,0,0,0,0,0,0
AL092012,              ISAAC,20120901,0,  , TD,37.8N,93.9W,20,1004,0,0,0,0,0,0,0,0,0,0,0,0
AL092012,              ISAAC,20120901,600,  , TD,38.4N,93.3W,20,1005,0,0,0,0,0,0,0,0,0,0,0,0
AL102012,              JOYCE,20120821,1800,  , LO,10.7N,31.7W,25,1011,0,0,0,0,0,0,0,0,0,0,0,0
AL102012,              JOYCE,20120822,0,  , LO,11.1N,33.1W,25,1011,0,0,0,0,0,0,0,0,0,0,0,0
AL102012,              JOYCE,20120822,600,  , TD,11.5N,34.5W,25,1011,0,0,0,0,0,0,0,0,0,0,0,0
AL102012,              JOYCE,20120822,1200,  , TD,12.1N,35.8W,30,1009,0,0,0,0,0,0,0,0,0,0,0,0
AL102012,              JOYCE,20120822,1800,  , TD,12.8N,37.3W,30,1009,0,0,0,0,0,0,0,0,0,0,0,0
AL102012,              JOYCE,20120823,0,  , TD,13.5N,38.7W,30,1009,0,0,0,0,0,0,0,0,0,0,0,0
AL102012,              JOYCE,20120823,600,  , TD,14.2N,40.0W,30,1009,0,0,0,0,0,0,0,0,0,0,0,0
AL102012,              JOYCE,20120823,1200,  , TS,14.8N,41.1W,35,1007,120,0,0,120,0,0,0,0,0,0,0,0
AL102012,              JOYCE,20120823,1800,  , TS,15.5N,42.1W,35,1006,180,0,0,180,0,0,0,0,0,0,0,0
AL102012,              JOYCE,20120824,0,  , TD,16.1N,43.2W,30,1008,0,0,0,0,0,0,0,0,0,0,0,0
AL102012,              JOYCE,20120824,600,  , TD,16.7N,44.3W,30,1008,0,0,0,0,0,0,0,0,0,0,0,0
AL102012,              JOYCE,20120824,1200,  , LO,17.4N,45.4W,30,1009,0,0,0,0,0,0,0,0,0,0,0,0
AL112012,               KIRK,20120828,1800,  , TD,23.9N,43.4W,30,1007,0,0,0,0,0,0,0,0,0,0,0,0
AL112012,               KIRK,20120829,0,  , TS,24.0N,44.5W,40,1004,60,0,0,40,0,0,0,0,0,0,0,0
AL112012,               KIRK,20120829,600,  , TS,24.3N,45.5W,40,1003,60,30,0,40,0,0,0,0,0,0,0,0
AL112012,               KIRK,20120829,1200,  , TS,24.6N,46.3W,45,1001,60,30,0,40,0,0,0,0,0,0,0,0
AL112012,               KIRK,20120829,1800,  , TS,25.1N,47.1W,45,999,60,30,0,40,0,0,0,0,0,0,0,0
AL112012,               KIRK,20120830,0,  , TS,25.6N,47.9W,50,995,60,30,0,40,20,0,0,20,0,0,0,0
AL112012,               KIRK,20120830,600,  , TS,26.1N,48.6W,55,992,60,40,20,40,20,0,0,20,0,0,0,0
AL112012,               KIRK,20120830,1200,  , HU,26.8N,49.3W,65,989,60,40,30,50,30,20,20,30,15,0,0,0
AL112012,               KIRK,20120830,1800,  , HU,27.6N,50.1W,75,985,60,40,30,50,30,20,20,30,15,10,10,15
AL112012,               KIRK,20120831,0,  , HU,28.5N,50.5W,80,981,60,40,30,50,30,20,20,30,15,10,10,15
AL112012,               KIRK,20120831,600,  , HU,29.6N,50.7W,90,970,60,40,30,50,30,20,20,30,15,10,10,15
AL112012,               KIRK,20120831,1200,  , HU,30.6N,50.9W,90,972,60,50,40,50,30,30,20,30,15,15,10,15
AL112012,               KIRK,20120831,1800,  , HU,31.7N,50.6W,80,980,60,50,40,50,30,30,20,30,15,15,10,15
AL112012,               KIRK,20120901,0,  , HU,33.1N,50.0W,70,988,60,50,40,50,30,30,20,30,15,15,0,0
AL112012,               KIRK,20120901,600,  , HU,34.6N,48.9W,65,990,60,50,40,50,30,30,20,30,15,15,0,0
AL112012,               KIRK,20120901,1200,  , TS,36.5N,47.3W,60,992,70,60,40,40,30,30,20,20,0,0,0,0
AL112012,               KIRK,20120901,1800,  , TS,38.4N,45.4W,55,996,70,80,30,0,40,50,0,0,0,0,0,0
AL112012,               KIRK,20120902,0,  , TS,40.3N,43.0W,55,998,70,90,50,0,40,50,0,0,0,0,0,0
AL112012,               KIRK,20120902,600,  , TS,42.4N,40.6W,50,1001,70,120,50,0,0,30,0,0,0,0,0,0
AL112012,               KIRK,20120902,1200,  , TS,45.0N,38.1W,50,1002,60,120,0,0,0,20,0,0,0,0,0,0
AL112012,               KIRK,20120902,1800,  , TS,48.1N,34.6W,45,1002,60,120,0,0,0,0,0,0,0,0,0,0
AL112012,               KIRK,20120903,0,  , EX,51.7N,30.9W,45,1002,60,120,0,0,0,0,0,0,0,0,0,0
AL122012,             LESLIE,20120828,1200,  , LO,12.9N,27.4W,20,1010,0,0,0,0,0,0,0,0,0,0,0,0
AL122012,             LESLIE,20120828,1800,  , LO,13.0N,29.6W,20,1010,0,0,0,0,0,0,0,0,0,0,0,0
AL122012,             LESLIE,20120829,0,  , LO,13.1N,31.7W,25,1009,0,0,0,0,0,0,0,0,0,0,0,0
AL122012,             LESLIE,20120829,600,  , LO,13.2N,33.7W,25,1009,0,0,0,0,0,0,0,0,0,0,0,0
AL122012,             LESLIE,20120829,1200,  , LO,13.3N,35.6W,25,1009,0,0,0,0,0,0,0,0,0,0,0,0
AL122012,             LESLIE,20120829,1800,  , LO,13.4N,37.5W,25,1008,0,0,0,0,0,0,0,0,0,0,0,0
AL122012,             LESLIE,20120830,0,  , TD,13.5N,39.2W,30,1007,0,0,0,0,0,0,0,0,0,0,0,0
AL122012,             LESLIE,20120830,600,  , TD,13.6N,40.9W,30,1006,0,0,0,0,0,0,0,0,0,0,0,0
AL122012,             LESLIE,20120830,1200,  , TS,13.8N,42.6W,35,1005,30,0,0,0,0,0,0,0,0,0,0,0
AL122012,             LESLIE,20120830,1800,  , TS,14.2N,44.2W,40,1004,40,30,0,40,0,0,0,0,0,0,0,0
AL122012,             LESLIE,20120831,0,  , TS,14.7N,45.8W,45,1002,40,30,0,40,0,0,0,0,0,0,0,0
AL122012,             LESLIE,20120831,600,  , TS,15.3N,47.4W,50,1001,60,50,30,60,30,0,0,30,0,0,0,0
AL122012,             LESLIE,20120831,1200,  , TS,16.0N,49.0W,55,999,60,50,30,60,30,0,0,30,0,0,0,0
AL122012,             LESLIE,20120831,1800,  , TS,16.5N,50.6W,55,999,80,60,40,70,30,20,0,30,0,0,0,0
AL122012,             LESLIE,20120901,0,  , TS,17.1N,52.2W,60,998,80,60,40,70,30,20,0,30,0,0,0,0
AL122012,             LESLIE,20120901,600,  , TS,17.6N,53.8W,60,996,100,90,50,90,40,20,20,30,0,0,0,0
AL122012,             LESLIE,20120901,1200,  , TS,18.1N,55.3W,60,995,120,140,60,100,50,60,20,30,0,0,0,0
AL122012,             LESLIE,20120901,1800,  , TS,18.8N,56.8W,60,994,120,140,60,120,50,60,20,30,0,0,0,0
AL122012,             LESLIE,20120902,0,  , TS,19.6N,58.1W,60,994,150,150,60,140,80,90,20,0,0,0,0,0
AL122012,             LESLIE,20120902,600,  , TS,20.4N,59.4W,55,995,150,150,60,140,80,90,0,0,0,0,0,0
AL122012,             LESLIE,20120902,1200,  , TS,21.2N,60.7W,50,997,180,180,60,140,90,90,0,0,0,0,0,0
AL122012,             LESLIE,20120902,1800,  , TS,22.1N,61.4W,50,997,180,160,60,140,100,100,0,0,0,0,0,0
AL122012,             LESLIE,20120903,0,  , TS,22.9N,61.7W,50,997,180,160,60,140,120,100,0,0,0,0,0,0
AL122012,             LESLIE,20120903,600,  , TS,23.4N,62.2W,50,996,180,160,60,140,120,100,0,0,0,0,0,0
AL122012,             LESLIE,20120903,1200,  , TS,23.5N,62.6W,50,993,180,160,60,140,120,100,0,0,0,0,0,0
AL122012,             LESLIE,20120903,1800,  , TS,23.8N,62.8W,55,990,180,160,60,130,120,100,0,0,0,0,0,0
AL122012,             LESLIE,20120904,0,  , TS,24.2N,62.6W,60,989,180,180,60,120,120,100,0,0,0,0,0,0
AL122012,             LESLIE,20120904,600,  , TS,24.5N,62.5W,60,988,180,180,60,110,100,100,0,0,0,0,0,0
AL122012,             LESLIE,20120904,1200,  , TS,24.8N,62.5W,60,988,180,180,60,100,90,100,0,0,0,0,0,0
AL122012,             LESLIE,20120904,1800,  , TS,25.0N,62.6W,60,988,140,200,60,100,80,90,0,0,0,0,0,0
AL122012,             LESLIE,20120905,0,  , TS,25.2N,62.8W,60,988,140,200,60,100,70,80,0,0,0,0,0,0
AL122012,             LESLIE,20120905,600,  , HU,25.4N,62.8W,65,985,140,200,60,140,70,70,20,30,15,15,0,0
AL122012,             LESLIE,20120905,1200,  , HU,25.6N,62.8W,70,982,140,200,60,140,70,60,20,40,20,20,0,0
AL122012,             LESLIE,20120905,1800,  , HU,25.8N,62.7W,70,982,150,200,60,140,80,60,30,50,20,20,15,15
AL122012,             LESLIE,20120906,0,  , HU,26.0N,62.6W,65,984,160,170,100,150,90,60,40,60,20,20,15,15
AL122012,             LESLIE,20120906,600,  , HU,26.2N,62.5W,65,984,160,170,100,150,90,60,40,70,20,20,15,15
AL122012,             LESLIE,20120906,1200,  , HU,26.3N,62.4W,65,983,160,170,100,150,90,60,40,70,20,20,15,15
AL122012,             LESLIE,20120906,1800,  , HU,26.4N,62.3W,65,982,160,140,100,140,80,60,40,70,20,20,15,15
AL122012,             LESLIE,20120907,0,  , HU,26.5N,62.2W,65,982,160,140,100,140,70,60,40,70,30,30,0,30
AL122012,             LESLIE,20120907,600,  , HU,26.6N,62.2W,65,982,160,140,100,140,70,60,40,70,30,30,0,30
AL122012,             LESLIE,20120907,1200,  , TS,26.8N,62.2W,60,981,160,140,100,140,70,60,40,70,0,0,0,0
AL122012,             LESLIE,20120907,1800,  , TS,27.1N,62.2W,60,981,160,140,100,150,70,0,0,80,0,0,0,0
AL122012,             LESLIE,20120908,0,  , TS,27.4N,62.3W,60,983,160,140,100,150,80,0,0,80,0,0,0,0
AL122012,             LESLIE,20120908,600,  , TS,27.8N,62.4W,55,985,160,140,100,150,80,0,0,80,0,0,0,0
AL122012,             LESLIE,20120908,1200,  , TS,28.3N,62.5W,55,987,160,140,100,150,80,0,0,80,0,0,0,0
AL122012,             LESLIE,20120908,1800,  , TS,29.0N,62.5W,55,988,160,140,100,150,80,0,0,80,0,0,0,0
AL122012,             LESLIE,20120909,0,  , TS,29.7N,62.6W,55,988,160,140,100,150,80,0,0,80,0,0,0,0
AL122012,             LESLIE,20120909,600,  , TS,30.5N,62.6W,55,988,170,150,130,150,80,0,0,80,0,0,0,0
AL122012,             LESLIE,20120909,1200,  , TS,31.5N,62.5W,55,988,170,150,130,150,80,0,80,80,0,0,0,0
AL122012,             LESLIE,20120909,1800,  , TS,32.6N,62.3W,55,988,170,150,120,150,80,80,80,80,0,0,0,0
AL122012,             LESLIE,20120910,0,  , TS,33.8N,62.0W,55,988,170,150,120,150,80,80,80,80,0,0,0,0
AL122012,             LESLIE,20120910,600,  , TS,35.1N,61.6W,60,985,180,180,140,150,80,80,60,70,0,0,0,0
AL122012,             LESLIE,20120910,1200,  , HU,36.4N,60.8W,65,980,180,180,140,150,80,80,60,70,20,20,0,0
AL122012,             LESLIE,20120910,1800,  , HU,38.5N,59.8W,65,975,180,180,140,150,80,100,60,70,20,20,0,0
AL122012,             LESLIE,20120911,0,  , HU,41.1N,58.6W,65,970,180,180,140,150,90,120,60,70,20,20,0,0
AL122012,             LESLIE,20120911,600,  , HU,44.0N,57.3W,65,968,270,270,180,150,120,140,60,60,30,30,0,0
AL122012,             LESLIE,20120911,900, S, EX,45.8N,56.1W,65,968,270,270,180,150,120,140,60,60,30,30,0,0
AL122012,             LESLIE,20120911,1200,  , EX,47.7N,54.9W,65,970,300,300,180,150,150,150,60,60,30,30,0,0
AL122012,             LESLIE,20120911,1800,  , EX,51.6N,51.9W,60,972,300,300,180,150,150,150,60,60,0,0,0,0
AL122012,             LESLIE,20120912,0,  , EX,55.5N,48.5W,55,975,300,300,180,150,150,150,60,60,0,0,0,0
AL132012,            MICHAEL,20120902,0,  , LO,28.9N,36.7W,20,1015,0,0,0,0,0,0,0,0,0,0,0,0
AL132012,            MICHAEL,20120902,600,  , LO,28.1N,37.9W,25,1015,0,0,0,0,0,0,0,0,0,0,0,0
AL132012,            MICHAEL,20120902,1200,  , LO,27.2N,39.2W,25,1015,0,0,0,0,0,0,0,0,0,0,0,0
AL132012,            MICHAEL,20120902,1800,  , LO,26.4N,40.1W,25,1015,0,0,0,0,0,0,0,0,0,0,0,0
AL132012,            MICHAEL,20120903,0,  , LO,25.8N,40.7W,25,1015,0,0,0,0,0,0,0,0,0,0,0,0
AL132012,            MICHAEL,20120903,600,  , TD,25.4N,41.2W,25,1015,0,0,0,0,0,0,0,0,0,0,0,0
AL132012,            MICHAEL,20120903,1200,  , TD,25.3N,41.7W,25,1014,0,0,0,0,0,0,0,0,0,0,0,0
AL132012,            MICHAEL,20120903,1800,  , TD,25.5N,42.1W,30,1013,0,0,0,0,0,0,0,0,0,0,0,0
AL132012,            MICHAEL,20120904,0,  , TD,25.8N,42.5W,30,1011,0,0,0,0,0,0,0,0,0,0,0,0
AL132012,            MICHAEL,20120904,600,  , TS,26.2N,43.0W,35,1009,30,0,0,20,0,0,0,0,0,0,0,0
AL132012,            MICHAEL,20120904,1200,  , TS,26.7N,43.5W,40,1007,30,30,0,20,0,0,0,0,0,0,0,0
AL132012,            MICHAEL,20120904,1800,  , TS,27.1N,43.7W,45,1006,30,30,20,20,0,0,0,0,0,0,0,0
AL132012,            MICHAEL,20120905,0,  , TS,27.4N,43.8W,45,1005,30,30,20,20,0,0,0,0,0,0,0,0
AL132012,            MICHAEL,20120905,600,  , TS,27.8N,43.8W,45,1005,30,30,20,30,0,0,0,0,0,0,0,0
AL132012,            MICHAEL,20120905,1200,  , TS,28.2N,43.5W,50,1001,50,40,20,30,20,20,0,0,0,0,0,0
AL132012,            MICHAEL,20120905,1800,  , HU,28.6N,43.1W,65,992,50,40,20,30,20,20,0,0,10,10,0,0
AL132012,            MICHAEL,20120906,0,  , HU,29.0N,42.6W,80,981,60,40,20,40,30,20,10,20,10,10,0,10
AL132012,            MICHAEL,20120906,600,  , HU,29.4N,42.0W,95,968,60,60,30,40,30,30,20,20,15,15,10,10
AL132012,            MICHAEL,20120906,1200,  , HU,29.9N,41.4W,100,964,60,60,30,40,30,30,20,20,15,15,10,10
AL132012,            MICHAEL,20120906,1800,  , HU,30.3N,41.0W,95,968,60,60,40,40,30,30,20,20,15,15,10,10
AL132012,            MICHAEL,20120907,0,  , HU,30.6N,40.8W,90,970,60,60,50,50,30,40,30,20,20,20,15,15
AL132012,            MICHAEL,20120907,600,  , HU,30.9N,40.8W,90,970,60,60,50,50,30,40,30,20,20,20,15,15
AL132012,            MICHAEL,20120907,1200,  , HU,31.1N,41.0W,90,970,60,60,50,50,30,40,30,20,20,20,15,15
AL132012,            MICHAEL,20120907,1800,  , HU,31.3N,41.2W,85,973,60,60,50,50,30,30,30,20,20,20,15,15
AL132012,            MICHAEL,20120908,0,  , HU,31.6N,41.5W,80,977,60,60,40,40,30,30,20,20,20,15,15,15
AL132012,            MICHAEL,20120908,600,  , HU,32.0N,41.7W,80,978,60,60,40,40,30,20,20,20,20,15,15,15
AL132012,            MICHAEL,20120908,1200,  , HU,32.4N,41.9W,85,975,60,60,40,40,30,20,20,20,20,15,15,15
AL132012,            MICHAEL,20120908,1800,  , HU,32.9N,42.1W,90,972,60,60,40,40,30,20,20,20,20,15,15,15
AL132012,            MICHAEL,20120909,0,  , HU,33.3N,42.3W,90,973,60,60,40,40,30,30,20,20,20,15,15,15
AL132012,            MICHAEL,20120909,600,  , HU,33.6N,42.6W,85,976,60,60,40,40,30,30,20,20,20,15,15,15
AL132012,            MICHAEL,20120909,1200,  , HU,33.7N,42.9W,85,976,60,60,50,60,30,40,20,30,20,20,15,20
AL132012,            MICHAEL,20120909,1800,  , HU,33.7N,43.5W,80,979,60,60,50,60,30,40,20,30,20,20,15,20
AL132012,            MICHAEL,20120910,0,  , HU,33.6N,44.1W,75,982,70,70,60,60,30,30,30,30,20,15,15,20
AL132012,            MICHAEL,20120910,600,  , HU,33.4N,44.9W,70,985,70,70,60,60,30,30,30,30,20,15,15,20
AL132012,            MICHAEL,20120910,1200,  , HU,33.6N,45.8W,70,986,70,70,60,60,30,30,30,30,20,15,15,15
AL132012,            MICHAEL,20120910,1800,  , HU,33.9N,46.9W,65,988,70,70,60,60,30,30,20,30,20,15,0,15
AL132012,            MICHAEL,20120911,0,  , TS,34.8N,47.8W,60,991,70,70,30,30,30,30,20,20,0,0,0,0
AL132012,            MICHAEL,20120911,600,  , TS,36.4N,47.8W,55,994,70,70,0,0,30,30,0,0,0,0,0,0
AL132012,            MICHAEL,20120911,1200,  , TS,38.2N,47.6W,45,997,70,70,0,0,0,0,0,0,0,0,0,0
AL132012,            MICHAEL,20120911,1800,  , LO,40.2N,46.6W,40,1000,70,70,0,0,0,0,0,0,0,0,0,0
AL132012,            MICHAEL,20120912,0,  , LO,42.5N,45.0W,35,1003,70,70,0,0,0,0,0,0,0,0,0,0
AL132012,            MICHAEL,20120912,600,  , LO,45.0N,42.6W,30,1006,0,0,0,0,0,0,0,0,0,0,0,0
AL142012,             NADINE,20120910,1200,  , TD,15.5N,38.0W,25,1008,0,0,0,0,0,0,0,0,0,0,0,0
AL142012,             NADINE,20120910,1800,  , TD,15.6N,39.4W,25,1007,0,0,0,0,0,0,0,0,0,0,0,0
AL142012,             NADINE,20120911,0,  , TD,15.8N,40.8W,25,1007,0,0,0,0,0,0,0,0,0,0,0,0
AL142012,             NADINE,20120911,600,  , TD,16.0N,41.9W,25,1007,0,0,0,0,0,0,0,0,0,0,0,0
AL142012,             NADINE,20120911,1200,  , TD,16.4N,42.8W,30,1006,0,0,0,0,0,0,0,0,0,0,0,0
AL142012,             NADINE,20120911,1800,  , TD,16.9N,43.7W,30,1006,0,0,0,0,0,0,0,0,0,0,0,0
AL142012,             NADINE,20120912,0,  , TS,17.5N,44.8W,35,1004,100,0,0,40,0,0,0,0,0,0,0,0
AL142012,             NADINE,20120912,600,  , TS,18.1N,45.9W,45,1001,100,50,20,60,0,0,0,0,0,0,0,0
AL142012,             NADINE,20120912,1200,  , TS,18.8N,47.1W,50,997,100,100,20,80,50,50,0,40,0,0,0,0
AL142012,             NADINE,20120912,1800,  , TS,19.5N,48.3W,55,994,100,100,30,100,50,50,0,40,0,0,0,0
AL142012,             NADINE,20120913,0,  , TS,20.2N,49.5W,60,990,120,120,40,110,60,50,0,40,0,0,0,0
AL142012,             NADINE,20120913,600,  , TS,21.0N,50.6W,60,990,150,120,40,120,60,50,0,40,0,0,0,0
AL142012,             NADINE,20120913,1200,  , TS,22.0N,51.7W,60,990,180,130,40,150,60,50,0,40,0,0,0,0
AL142012,             NADINE,20120913,1800,  , TS,23.2N,52.6W,60,989,200,160,60,150,80,50,0,60,0,0,0,0
AL142012,             NADINE,20120914,0,  , TS,24.4N,53.4W,60,989,200,180,60,150,80,50,0,60,0,0,0,0
AL142012,             NADINE,20120914,600,  , TS,25.6N,54.0W,60,987,200,180,60,150,80,50,0,60,0,0,0,0
AL142012,             NADINE,20120914,1200,  , TS,27.0N,54.0W,60,986,200,180,60,150,80,50,0,60,0,0,0,0
AL142012,             NADINE,20120914,1800,  , HU,28.3N,53.7W,65,984,200,180,60,150,80,50,30,60,30,20,0,0
AL142012,             NADINE,20120915,0,  , HU,29.6N,53.3W,70,981,180,180,80,140,80,50,30,60,30,20,0,0
AL142012,             NADINE,20120915,600,  , HU,30.5N,52.2W,70,980,180,180,100,140,80,50,30,60,30,20,0,0
AL142012,             NADINE,20120915,1200,  , HU,30.8N,50.7W,70,980,160,160,120,140,70,60,50,60,20,40,0,0
AL142012,             NADINE,20120915,1800,  , HU,30.8N,49.1W,70,980,160,160,120,140,50,60,60,60,0,40,35,0
AL142012,             NADINE,20120916,0,  , HU,30.7N,47.5W,70,981,140,160,120,140,50,60,60,50,0,40,35,0
AL142012,             NADINE,20120916,600,  , HU,30.6N,45.4W,65,984,140,160,140,140,50,60,60,50,0,40,35,0
AL142012,             NADINE,20120916,1200,  , HU,30.6N,43.0W,65,985,140,160,140,140,50,80,70,50,20,40,30,0
AL142012,             NADINE,20120916,1800,  , HU,30.8N,40.6W,65,985,140,160,140,140,50,80,70,50,20,40,30,0
AL142012,             NADINE,20120917,0,  , TS,31.1N,38.8W,60,986,140,160,140,140,50,80,70,50,0,0,0,0
AL142012,             NADINE,20120917,600,  , TS,31.7N,37.1W,60,987,140,170,140,140,60,90,70,50,0,0,0,0
AL142012,             NADINE,20120917,1200,  , TS,32.5N,35.9W,55,988,140,170,140,140,60,90,70,50,0,0,0,0
AL142012,             NADINE,20120917,1800,  , TS,33.1N,35.1W,55,988,140,170,150,140,60,90,70,50,0,0,0,0
AL142012,             NADINE,20120918,0,  , TS,33.5N,34.5W,50,989,140,170,150,140,60,90,60,50,0,0,0,0
AL142012,             NADINE,20120918,600,  , TS,33.9N,33.9W,50,989,150,170,150,150,30,90,60,30,0,0,0,0
AL142012,             NADINE,20120918,1200,  , TS,34.3N,33.3W,50,989,150,170,150,150,0,80,60,0,0,0,0,0
AL142012,             NADINE,20120918,1800,  , TS,34.9N,32.7W,50,989,200,170,180,200,0,80,60,0,0,0,0,0
AL142012,             NADINE,20120919,0,  , TS,35.5N,32.3W,50,989,200,170,180,200,0,80,80,0,0,0,0,0
AL142012,             NADINE,20120919,600,  , TS,36.1N,32.0W,50,989,200,170,180,200,0,80,80,0,0,0,0,0
AL142012,             NADINE,20120919,1200,  , TS,36.7N,32.0W,50,989,200,150,180,200,0,80,80,60,0,0,0,0
AL142012,             NADINE,20120919,1800,  , TS,37.1N,32.0W,50,987,200,150,180,200,0,80,80,100,0,0,0,0
AL142012,             NADINE,20120920,0,  , TS,37.2N,31.6W,50,986,180,150,180,240,0,80,80,100,0,0,0,0
AL142012,             NADINE,20120920,600,  , TS,36.9N,30.9W,50,986,150,150,180,240,0,80,80,100,0,0,0,0
AL142012,             NADINE,20120920,1200,  , TS,36.5N,30.0W,50,986,150,150,180,270,0,40,60,80,0,0,0,0
AL142012,             NADINE,20120920,1800,  , TS,36.2N,29.0W,55,984,180,150,180,300,0,0,60,80,0,0,0,0
AL142012,             NADINE,20120921,0,  , TS,35.9N,28.2W,55,984,180,150,200,350,0,0,60,80,0,0,0,0
AL142012,             NADINE,20120921,600,  , TS,35.4N,27.4W,55,984,180,150,200,350,0,0,50,80,0,0,0,0
AL142012,             NADINE,20120921,1200,  , TS,34.6N,27.3W,50,984,180,150,200,320,0,0,50,80,0,0,0,0
AL142012,             NADINE,20120921,1800,  , LO,33.6N,27.2W,50,984,180,150,200,300,0,0,50,70,0,0,0,0
AL142012,             NADINE,20120922,0,  , LO,32.5N,26.9W,45,985,180,150,200,280,0,0,0,0,0,0,0,0
AL142012,             NADINE,20120922,600,  , LO,31.8N,26.7W,45,986,200,150,180,240,0,0,0,0,0,0,0,0
AL142012,             NADINE,20120922,1200,  , LO,31.0N,26.4W,45,987,220,120,160,240,0,0,0,0,0,0,0,0
AL142012,             NADINE,20120922,1800,  , LO,30.5N,26.2W,45,987,220,120,150,240,0,0,0,0,0,0,0,0
AL142012,             NADINE,20120923,0,  , TS,30.4N,25.9W,45,987,220,120,150,240,0,0,0,0,0,0,0,0
AL142012,             NADINE,20120923,600,  , TS,30.4N,25.6W,50,987,220,120,150,240,40,0,0,40,0,0,0,0
AL142012,             NADINE,20120923,1200,  , TS,30.6N,25.4W,50,987,200,140,140,200,40,0,0,40,0,0,0,0
AL142012,             NADINE,20120923,1800,  , TS,30.9N,25.8W,50,988,200,140,120,200,40,0,0,40,0,0,0,0
AL142012,             NADINE,20120924,0,  , TS,31.1N,26.2W,45,990,200,140,120,200,0,0,0,0,0,0,0,0
AL142012,             NADINE,20120924,600,  , TS,31.3N,26.7W,45,992,180,140,100,200,0,0,0,0,0,0,0,0
AL142012,             NADINE,20120924,1200,  , TS,31.5N,27.4W,45,995,150,140,90,180,0,0,0,0,0,0,0,0
AL142012,             NADINE,20120924,1800,  , TS,31.8N,28.1W,45,996,150,120,90,160,0,0,0,0,0,0,0,0
AL142012,             NADINE,20120925,0,  , TS,32.1N,28.8W,40,996,150,90,90,160,0,0,0,0,0,0,0,0
AL142012,             NADINE,20120925,600,  , TS,32.1N,29.5W,40,996,150,90,90,160,0,0,0,0,0,0,0,0
AL142012,             NADINE,20120925,1200,  , TS,32.0N,29.9W,40,997,150,90,90,160,0,0,0,0,0,0,0,0
AL142012,             NADINE,20120925,1800,  , TS,31.7N,30.1W,40,997,120,90,90,160,0,0,0,0,0,0,0,0
AL142012,             NADINE,20120926,0,  , TS,31.4N,30.3W,40,998,100,90,90,140,0,0,0,0,0,0,0,0
AL142012,             NADINE,20120926,600,  , TS,31.1N,30.4W,40,998,100,90,90,100,0,0,0,0,0,0,0,0
AL142012,             NADINE,20120926,1200,  , TS,30.7N,30.5W,45,995,100,90,90,100,0,0,0,0,0,0,0,0
AL142012,             NADINE,20120926,1800,  , TS,30.2N,30.7W,50,993,100,90,90,100,50,0,0,50,0,0,0,0
AL142012,             NADINE,20120927,0,  , TS,29.6N,31.0W,50,993,110,60,80,120,50,0,0,50,0,0,0,0
AL142012,             NADINE,20120927,600,  , TS,29.1N,31.4W,50,993,110,60,80,120,50,0,0,50,0,0,0,0
AL142012,             NADINE,20120927,1200,  , TS,28.7N,31.9W,50,993,110,60,80,120,50,0,0,50,0,0,0,0
AL142012,             NADINE,20120927,1800,  , TS,28.5N,32.5W,55,993,120,80,80,120,50,0,0,50,0,0,0,0
AL142012,             NADINE,20120928,0,  , TS,28.5N,33.2W,55,993,120,80,80,120,50,0,0,50,0,0,0,0
AL142012,             NADINE,20120928,600,  , TS,28.7N,33.9W,60,991,120,80,80,100,50,0,0,50,0,0,0,0
AL142012,             NADINE,20120928,1200,  , HU,29.2N,34.4W,65,988,120,70,70,90,40,30,30,40,25,0,0,0
AL142012,             NADINE,20120928,1800,  , HU,29.7N,34.8W,65,988,120,70,70,90,40,30,30,40,25,0,0,0
AL142012,             NADINE,20120929,0,  , HU,30.5N,35.3W,65,988,100,70,60,80,40,30,30,40,25,0,0,0
AL142012,             NADINE,20120929,600,  , HU,31.4N,35.7W,65,988,100,70,60,80,40,30,30,40,25,0,0,0
AL142012,             NADINE,20120929,1200,  , HU,32.6N,36.1W,65,988,100,70,60,80,40,30,30,40,25,20,0,0
AL142012,             NADINE,20120929,1800,  , HU,33.8N,36.6W,70,986,100,70,60,80,40,30,30,40,25,20,0,0
AL142012,             NADINE,20120930,0,  , HU,35.0N,37.1W,75,983,100,70,60,80,40,30,30,40,25,20,0,0
AL142012,             NADINE,20120930,600,  , HU,36.0N,37.6W,75,982,100,70,60,80,40,30,30,40,25,20,0,0
AL142012,             NADINE,20120930,1200,  , HU,36.8N,38.3W,80,978,100,70,60,80,40,30,30,40,25,20,10,20
AL142012,             NADINE,20120930,1800,  , HU,37.2N,38.9W,80,978,110,90,70,80,50,40,40,40,30,25,20,25
AL142012,             NADINE,20121001,0,  , HU,36.9N,39.4W,75,980,110,90,70,80,50,40,40,40,30,25,20,25
AL142012,             NADINE,20121001,600,  , HU,36.4N,39.4W,65,988,110,90,80,90,50,40,40,50,30,0,0,0
AL142012,             NADINE,20121001,1200,  , TS,35.9N,39.4W,60,991,110,90,90,90,50,50,40,50,0,0,0,0
AL142012,             NADINE,20121001,1800,  , TS,35.4N,39.4W,55,995,110,90,90,90,50,50,40,50,0,0,0,0
AL142012,             NADINE,20121002,0,  , TS,34.8N,39.1W,55,995,100,90,90,100,40,40,40,40,0,0,0,0
AL142012,             NADINE,20121002,600,  , TS,34.5N,38.5W,55,995,100,90,90,100,40,40,40,40,0,0,0,0
AL142012,             NADINE,20121002,1200,  , TS,34.3N,37.9W,55,995,70,80,90,70,20,40,30,20,0,0,0,0
AL142012,             NADINE,20121002,1800,  , TS,34.3N,37.1W,55,995,70,80,80,70,20,40,30,20,0,0,0,0
AL142012,             NADINE,20121003,0,  , TS,34.4N,36.2W,50,998,70,80,80,60,20,30,0,0,0,0,0,0
AL142012,             NADINE,20121003,600,  , TS,34.6N,35.3W,45,1000,70,80,80,60,0,0,0,0,0,0,0,0
AL142012,             NADINE,20121003,1200,  , TS,34.9N,34.0W,45,1000,90,90,90,60,0,0,0,0,0,0,0,0
AL142012,             NADINE,20121003,1800,  , TS,35.4N,32.5W,40,1000,90,120,90,60,0,0,0,0,0,0,0,0
AL142012,             NADINE,20121004,0,  , LO,36.3N,30.9W,40,998,100,180,100,60,0,0,0,0,0,0,0,0
AL142012,             NADINE,20121004,600,  , LO,37.6N,29.1W,40,996,100,180,100,60,0,0,0,0,0,0,0,0
AL152012,              OSCAR,20121002,1200,  , LO,12.4N,38.0W,25,1008,0,0,0,0,0,0,0,0,0,0,0,0
AL152012,              OSCAR,20121002,1800,  , LO,13.6N,38.7W,25,1008,0,0,0,0,0,0,0,0,0,0,0,0
AL152012,              OSCAR,20121003,0,  , LO,15.0N,39.6W,30,1007,0,0,0,0,0,0,0,0,0,0,0,0
AL152012,              OSCAR,20121003,600,  , TD,16.3N,40.5W,30,1006,0,0,0,0,0,0,0,0,0,0,0,0
AL152012,              OSCAR,20121003,1200,  , TD,17.4N,41.2W,30,1006,0,0,0,0,0,0,0,0,0,0,0,0
AL152012,              OSCAR,20121003,1800,  , TS,18.2N,41.8W,35,1005,120,120,0,0,0,0,0,0,0,0,0,0
AL152012,              OSCAR,20121004,0,  , TS,18.9N,42.1W,40,1002,140,120,0,0,0,0,0,0,0,0,0,0
AL152012,              OSCAR,20121004,600,  , TS,19.5N,42.2W,40,1001,160,130,0,0,0,0,0,0,0,0,0,0
AL152012,              OSCAR,20121004,1200,  , TS,20.2N,42.0W,45,998,180,140,0,0,0,0,0,0,0,0,0,0
AL152012,              OSCAR,20121004,1800,  , TS,21.0N,41.5W,45,996,180,140,0,0,0,0,0,0,0,0,0,0
AL152012,              OSCAR,20121005,0,  , TS,21.8N,40.6W,45,995,180,140,0,0,0,0,0,0,0,0,0,0
AL152012,              OSCAR,20121005,600,  , TS,22.7N,39.4W,45,994,180,140,0,0,0,0,0,0,0,0,0,0
AL152012,              OSCAR,20121005,1200,  , TS,23.5N,37.8W,45,994,180,140,0,0,0,0,0,0,0,0,0,0
AL162012,              PATTY,20121010,1800,  , LO,25.5N,72.5W,25,1012,0,0,0,0,0,0,0,0,0,0,0,0
AL162012,              PATTY,20121011,0,  , TD,25.4N,72.4W,30,1010,0,0,0,0,0,0,0,0,0,0,0,0
AL162012,              PATTY,20121011,600,  , TS,25.4N,72.2W,35,1009,60,0,0,0,0,0,0,0,0,0,0,0
AL162012,              PATTY,20121011,1200,  , TS,25.5N,72.2W,35,1008,60,0,0,0,0,0,0,0,0,0,0,0
AL162012,              PATTY,20121011,1800,  , TS,25.6N,72.3W,35,1007,60,50,0,0,0,0,0,0,0,0,0,0
AL162012,              PATTY,20121012,0,  , TS,25.5N,72.4W,40,1005,60,50,0,30,0,0,0,0,0,0,0,0
AL162012,              PATTY,20121012,600,  , TS,25.4N,72.3W,40,1005,60,40,0,30,0,0,0,0,0,0,0,0
AL162012,              PATTY,20121012,1200,  , TS,25.3N,72.2W,40,1006,50,30,0,30,0,0,0,0,0,0,0,0
AL162012,              PATTY,20121012,1800,  , TS,25.4N,72.1W,35,1007,40,20,0,30,0,0,0,0,0,0,0,0
AL162012,              PATTY,20121013,0,  , TS,25.4N,71.9W,35,1007,30,0,0,30,0,0,0,0,0,0,0,0
AL162012,              PATTY,20121013,600,  , TD,25.3N,71.7W,30,1008,0,0,0,0,0,0,0,0,0,0,0,0
AL172012,             RAFAEL,20121012,1800,  , TS,14.7N,62.7W,35,1006,0,150,0,0,0,0,0,0,0,0,0,0
AL172012,             RAFAEL,20121013,0,  , TS,15.0N,63.2W,35,1007,0,150,0,0,0,0,0,0,0,0,0,0
AL172012,             RAFAEL,20121013,600,  , TS,15.3N,63.7W,35,1006,0,150,0,0,0,0,0,0,0,0,0,0
AL172012,             RAFAEL,20121013,1200,  , TS,15.6N,63.8W,35,1006,0,150,0,0,0,0,0,0,0,0,0,0
AL172012,             RAFAEL,20121013,1800,  , TS,16.7N,63.6W,40,1004,0,150,0,0,0,0,0,0,0,0,0,0
AL172012,             RAFAEL,20121014,0,  , TS,17.9N,63.5W,45,1004,150,150,0,0,0,0,0,0,0,0,0,0
AL172012,             RAFAEL,20121014,600,  , TS,18.9N,63.6W,45,1003,150,150,0,0,0,0,0,0,0,0,0,0
AL172012,             RAFAEL,20121014,1200,  , TS,19.7N,63.9W,50,999,150,150,0,60,70,0,0,0,0,0,0,0
AL172012,             RAFAEL,20121014,1800,  , TS,20.4N,64.3W,55,994,150,150,0,100,70,0,0,30,0,0,0,0
AL172012,             RAFAEL,20121015,0,  , TS,21.3N,64.7W,60,989,150,150,0,100,70,0,0,30,0,0,0,0
AL172012,             RAFAEL,20121015,600,  , HU,22.0N,65.2W,65,986,150,150,50,100,70,40,15,40,40,20,0,30
AL172012,             RAFAEL,20121015,1200,  , HU,22.6N,65.6W,70,983,180,150,80,120,90,50,20,50,40,20,0,30
AL172012,             RAFAEL,20121015,1800,  , HU,23.6N,65.8W,75,979,180,180,80,120,90,50,20,50,40,20,0,30
AL172012,             RAFAEL,20121016,0,  , HU,24.6N,65.6W,80,974,180,180,80,120,90,50,20,50,40,20,0,30
AL172012,             RAFAEL,20121016,600,  , HU,25.9N,65.3W,80,972,180,180,80,130,90,60,40,60,40,30,20,30
AL172012,             RAFAEL,20121016,1200,  , HU,27.6N,64.9W,80,969,180,180,90,130,80,60,40,60,30,30,30,30
AL172012,             RAFAEL,20121016,1800,  , HU,29.5N,64.2W,75,970,180,180,100,120,80,60,50,60,30,30,30,30
AL172012,             RAFAEL,20121017,0,  , HU,31.6N,63.1W,75,970,180,180,100,120,80,80,60,60,30,40,30,30
AL172012,             RAFAEL,20121017,600,  , HU,34.0N,61.7W,70,972,210,240,120,120,100,120,60,60,40,60,30,30
AL172012,             RAFAEL,20121017,1200,  , HU,36.5N,60.1W,65,972,240,270,150,150,100,120,60,80,50,60,30,30
AL172012,             RAFAEL,20121017,1800,  , EX,38.8N,58.0W,65,972,270,270,150,170,120,120,80,80,0,70,60,0
AL172012,             RAFAEL,20121018,0,  , EX,41.3N,55.0W,65,972,300,300,150,170,120,120,80,80,0,70,60,0
AL172012,             RAFAEL,20121018,600,  , EX,43.4N,50.7W,60,972,300,300,150,170,120,120,80,80,0,0,0,0
AL172012,             RAFAEL,20121018,1200,  , EX,45.2N,46.0W,55,972,300,300,150,170,120,120,80,80,0,0,0,0
AL172012,             RAFAEL,20121018,1800,  , EX,47.0N,41.0W,55,973,240,300,150,170,120,120,80,80,0,0,0,0
AL172012,             RAFAEL,20121019,0,  , EX,49.2N,36.2W,50,975,180,360,400,180,0,0,220,0,0,0,0,0
AL172012,             RAFAEL,20121019,600,  , EX,51.0N,32.5W,50,973,220,360,320,240,0,0,220,0,0,0,0,0
AL172012,             RAFAEL,20121019,1200,  , EX,53.0N,29.5W,50,970,270,390,320,240,0,0,220,0,0,0,0,0
AL172012,             RAFAEL,20121019,1800,  , EX,55.0N,30.0W,50,968,360,360,400,280,0,0,220,0,0,0,0,0
AL172012,             RAFAEL,20121020,0,  , EX,56.5N,33.0W,50,966,450,360,640,480,0,0,240,0,0,0,0,0
AL172012,             RAFAEL,20121020,600,  , EX,56.0N,37.0W,50,966,450,300,540,480,0,0,260,0,0,0,0,0
AL172012,             RAFAEL,20121020,1200,  , EX,53.1N,36.4W,50,967,480,240,450,480,0,0,280,0,0,0,0,0
AL172012,             RAFAEL,20121020,1800,  , EX,50.8N,34.3W,50,970,480,240,480,480,0,0,330,0,0,0,0,0
AL172012,             RAFAEL,20121021,0,  , EX,49.7N,32.2W,45,975,0,240,480,480,0,0,0,0,0,0,0,0
AL172012,             RAFAEL,20121021,600,  , EX,49.2N,31.1W,40,978,0,240,480,480,0,0,0,0,0,0,0,0
AL172012,             RAFAEL,20121021,1200,  , EX,48.2N,30.6W,40,979,0,240,480,480,0,0,0,0,0,0,0,0
AL172012,             RAFAEL,20121021,1800,  , EX,47.0N,30.8W,40,982,0,240,480,480,0,0,0,0,0,0,0,0
AL172012,             RAFAEL,20121022,0,  , EX,45.5N,31.1W,40,983,0,240,480,480,0,0,0,0,0,0,0,0
AL172012,             RAFAEL,20121022,600,  , EX,43.9N,29.8W,40,985,0,240,480,480,0,0,0,0,0,0,0,0
AL172012,             RAFAEL,20121022,1200,  , EX,41.9N,28.3W,40,987,0,240,480,480,0,0,0,0,0,0,0,0
AL172012,             RAFAEL,20121022,1800,  , EX,40.0N,27.0W,40,989,0,240,480,480,0,0,0,0,0,0,0,0
AL172012,             RAFAEL,20121023,0,  , EX,39.2N,25.5W,40,992,0,240,480,480,0,0,0,0,0,0,0,0
AL172012,             RAFAEL,20121023,600,  , EX,39.5N,24.5W,40,992,0,240,480,480,0,0,0,0,0,0,0,0
AL172012,             RAFAEL,20121023,1200,  , EX,39.8N,23.6W,40,992,0,240,480,480,0,0,0,0,0,0,0,0
AL172012,             RAFAEL,20121023,1800,  , EX,40.5N,22.1W,40,992,0,240,480,480,0,0,0,0,0,0,0,0
AL172012,             RAFAEL,20121024,0,  , EX,41.2N,20.1W,40,993,0,240,480,480,0,0,0,0,0,0,0,0
AL172012,             RAFAEL,20121024,600,  , EX,41.6N,18.8W,40,995,0,240,480,480,0,0,0,0,0,0,0,0
AL172012,             RAFAEL,20121024,1200,  , EX,42.1N,17.5W,30,995,0,0,0,0,0,0,0,0,0,0,0,0
AL172012,             RAFAEL,20121024,1800,  , EX,41.9N,16.0W,30,995,0,0,0,0,0,0,0,0,0,0,0,0
AL172012,             RAFAEL,20121025,0,  , EX,41.6N,14.6W,30,995,0,0,0,0,0,0,0,0,0,0,0,0
AL172012,             RAFAEL,20121025,600,  , EX,41.3N,13.3W,30,995,0,0,0,0,0,0,0,0,0,0,0,0
AL172012,             RAFAEL,20121025,1200,  , EX,41.0N,12.0W,30,996,0,0,0,0,0,0,0,0,0,0,0,0
AL172012,             RAFAEL,20121025,1800,  , EX,40.9N,11.2W,30,997,0,0,0,0,0,0,0,0,0,0,0,0
AL172012,             RAFAEL,20121026,0,  , EX,40.7N,10.4W,30,998,0,0,0,0,0,0,0,0,0,0,0,0
AL172012,             RAFAEL,20121026,600,  , EX,40.3N,9.1W,30,999,0,0,0,0,0,0,0,0,0,0,0,0
AL172012,             RAFAEL,20121026,1200,  , EX,40.0N,7.5W,25,1002,0,0,0,0,0,0,0,0,0,0,0,0
AL182012,              SANDY,20121021,1800,  , LO,14.3N,77.4W,25,1006,0,0,0,0,0,0,0,0,0,0,0,0
AL182012,              SANDY,20121022,0,  , LO,13.9N,77.8W,25,1005,0,0,0,0,0,0,0,0,0,0,0,0
AL182012,              SANDY,20121022,600,  , LO,13.5N,78.2W,25,1003,0,0,0,0,0,0,0,0,0,0,0,0
AL182012,              SANDY,20121022,1200,  , TD,13.1N,78.6W,30,1002,0,0,0,0,0,0,0,0,0,0,0,0
AL182012,              SANDY,20121022,1800,  , TS,12.7N,78.7W,35,1000,50,60,0,0,0,0,0,0,0,0,0,0
AL182012,              SANDY,20121023,0,  , TS,12.6N,78.4W,40,998,50,60,0,0,0,0,0,0,0,0,0,0
AL182012,              SANDY,20121023,600,  , TS,12.9N,78.1W,40,998,70,80,0,0,0,0,0,0,0,0,0,0
AL182012,              SANDY,20121023,1200,  , TS,13.4N,77.9W,40,995,100,100,0,0,0,0,0,0,0,0,0,0
AL182012,              SANDY,20121023,1800,  , TS,14.0N,77.6W,45,993,100,120,0,0,0,0,0,0,0,0,0,0
AL182012,              SANDY,20121024,0,  , TS,14.7N,77.3W,55,990,100,150,40,40,0,70,0,0,0,0,0,0
AL182012,              SANDY,20121024,600,  , TS,15.6N,77.1W,60,987,100,150,50,50,50,70,20,20,0,0,0,0
AL182012,              SANDY,20121024,1200,  , HU,16.6N,76.9W,65,981,120,160,70,70,50,60,40,30,20,20,0,0
AL182012,              SANDY,20121024,1800,  , HU,17.7N,76.7W,75,972,150,180,70,70,50,60,40,40,25,30,20,25
AL182012,              SANDY,20121024,1900, L, HU,17.9N,76.6W,75,971,150,180,70,70,50,60,40,40,25,30,20,25
AL182012,              SANDY,20121025,0,  , HU,18.9N,76.4W,85,964,180,240,70,70,50,60,40,40,30,30,25,25
AL182012,              SANDY,20121025,525, L, HU,20.0N,76.0W,100,954,240,240,70,120,50,60,40,40,30,30,25,25
AL182012,              SANDY,20121025,600,  , HU,20.1N,76.0W,100,954,240,240,70,120,50,60,40,40,25,20,20,20
AL182012,              SANDY,20121025,900, T, HU,20.9N,75.7W,95,960,240,240,70,180,50,60,40,40,25,20,20,20
AL182012,              SANDY,20121025,1200,  , HU,21.7N,75.5W,95,966,240,240,70,240,60,60,40,50,30,30,20,20
AL182012,              SANDY,20121025,1800,  , HU,23.3N,75.3W,90,963,270,270,120,270,60,60,40,50,30,30,20,20
AL182012,              SANDY,20121026,0,  , HU,24.8N,75.9W,75,965,300,300,160,270,70,60,40,60,30,30,20,30
AL182012,              SANDY,20121026,600,  , HU,25.7N,76.4W,70,968,300,300,160,240,90,70,50,70,30,20,0,60
AL182012,              SANDY,20121026,1200,  , HU,26.4N,76.9W,65,970,360,240,170,240,90,80,90,120,0,0,0,90
AL182012,              SANDY,20121026,1800,  , HU,27.0N,77.2W,65,971,400,210,170,240,60,70,90,140,0,0,0,90
AL182012,              SANDY,20121027,0,  , TS,27.5N,77.1W,60,969,450,210,180,270,0,0,120,160,0,0,0,0
AL182012,              SANDY,20121027,600,  , TS,28.1N,76.9W,60,968,450,260,180,280,0,0,120,160,0,0,0,0
AL182012,              SANDY,20121027,1200,  , HU,28.8N,76.5W,70,956,450,300,210,280,30,120,160,200,0,0,120,120
AL182012,              SANDY,20121027,1800,  , HU,29.7N,75.6W,70,960,450,300,240,280,30,150,180,200,0,0,150,180
AL182012,              SANDY,20121028,0,  , HU,30.5N,74.7W,65,960,480,300,300,280,30,180,180,210,0,0,150,180
AL182012,              SANDY,20121028,600,  , HU,31.3N,73.9W,65,959,450,300,300,270,0,180,180,210,0,0,150,180
AL182012,              SANDY,20121028,1200,  , HU,32.0N,73.0W,65,954,450,300,300,270,0,150,200,210,0,0,150,180
AL182012,              SANDY,20121028,1800,  , HU,32.8N,72.0W,65,952,450,300,350,270,0,150,200,210,0,0,150,180
AL182012,              SANDY,20121029,0,  , HU,33.9N,71.0W,70,950,450,300,400,270,150,150,200,200,0,0,150,0
AL182012,              SANDY,20121029,600,  , HU,35.3N,70.5W,80,947,420,360,450,270,150,150,200,180,0,0,150,0
AL182012,              SANDY,20121029,1200,  , HU,36.9N,71.0W,85,945,420,420,400,270,200,150,200,180,0,70,120,0
AL182012,              SANDY,20121029,1800,  , HU,38.3N,73.2W,80,940,420,420,400,420,220,150,200,150,180,80,120,0
AL182012,              SANDY,20121029,2100, S, EX,38.8N,74.0W,75,943,420,420,400,420,220,150,200,150,180,80,120,0
AL182012,              SANDY,20121029,2330, L, EX,39.4N,74.4W,70,945,460,370,400,490,180,150,80,50,70,80,60,0
AL182012,              SANDY,20121030,0,  , EX,39.5N,74.5W,70,946,460,370,400,490,150,150,80,50,65,0,0,0
AL182012,              SANDY,20121030,600,  , EX,39.9N,76.2W,55,960,450,400,160,530,150,150,30,30,0,0,0,0
AL182012,              SANDY,20121030,1200,  , EX,40.1N,77.8W,50,978,450,490,0,500,0,0,0,260,0,0,0,0
AL182012,              SANDY,20121030,1800,  , EX,40.4N,78.9W,40,986,0,530,0,430,0,0,0,0,0,0,0,0
AL182012,              SANDY,20121031,0,  , EX,40.7N,79.8W,35,992,0,0,0,410,0,0,0,0,0,0,0,0
AL182012,              SANDY,20121031,600,  , EX,41.1N,80.3W,35,993,0,0,0,380,0,0,0,0,0,0,0,0
AL182012,              SANDY,20121031,1200,  , EX,41.5N,80.7W,30,995,0,0,0,0,0,0,0,0,0,0,0,0
AL192012,               TONY,20121021,1800,  , LO,20.1N,50.8W,25,1011,0,0,0,0,0,0,0,0,0,0,0,0
AL192012,               TONY,20121022,0,  , LO,20.4N,51.2W,25,1011,0,0,0,0,0,0,0,0,0,0,0,0
AL192012,               TONY,20121022,600,  , LO,20.8N,51.5W,25,1010,0,0,0,0,0,0,0,0,0,0,0,0
AL192012,               TONY,20121022,1200,  , LO,21.3N,51.7W,30,1009,0,0,0,0,0,0,0,0,0,0,0,0
AL192012,               TONY,20121022,1800,  , TD,21.9N,51.8W,30,1006,0,0,0,0,0,0,0,0,0,0,0,0
AL192012,               TONY,20121023,0,  , TD,22.5N,51.8W,30,1006,0,0,0,0,0,0,0,0,0,0,0,0
AL192012,               TONY,20121023,600,  , TD,23.6N,51.6W,30,1006,0,0,0,0,0,0,0,0,0,0,0,0
AL192012,               TONY,20121023,1200,  , TD,24.7N,51.3W,30,1006,0,0,0,0,0,0,0,0,0,0,0,0
AL192012,               TONY,20121023,1800,  , TD,25.7N,50.6W,30,1005,0,0,0,0,0,0,0,0,0,0,0,0
AL192012,               TONY,20121024,0,  , TS,26.5N,49.6W,35,1004,40,40,0,0,0,0,0,0,0,0,0,0
AL192012,               TONY,20121024,600,  , TS,27.2N,48.5W,40,1003,50,60,40,0,0,0,0,0,0,0,0,0
AL192012,               TONY,20121024,1200,  , TS,27.9N,46.8W,45,1000,50,60,40,30,0,0,0,0,0,0,0,0
AL192012,               TONY,20121024,1800,  , TS,28.7N,44.7W,45,1000,50,60,40,30,0,0,0,0,0,0,0,0
AL192012,               TONY,20121025,0,  , TS,29.5N,42.4W,45,1000,60,70,40,30,0,0,0,0,0,0,0,0
AL192012,               TONY,20121025,600,  , TS,30.1N,40.0W,45,1000,90,70,40,30,0,0,0,0,0,0,0,0
AL192012,               TONY,20121025,1200,  , TS,30.6N,37.6W,35,1000,80,70,40,30,0,0,0,0,0,0,0,0
AL192012,               TONY,20121025,1800,  , EX,31.0N,35.1W,35,1001,60,70,20,0,0,0,0,0,0,0,0,0
AL192012,               TONY,20121026,0,  , EX,31.3N,32.6W,35,1001,60,70,20,0,0,0,0,0,0,0,0,0
AL192012,               TONY,20121026,600,  , EX,31.2N,30.5W,30,1004,0,0,0,0,0,0,0,0,0,0,0,0
AL192012,               TONY,20121026,1200,  , EX,30.9N,28.6W,25,1006,0,0,0,0,0,0,0,0,0,0,0,0
AL012013,             ANDREA,20130605,1800,  , TS,25.1N,86.6W,35,1006,50,120,0,0,0,0,0,0,0,0,0,0
AL012013,             ANDREA,20130606,0,  , TS,25.6N,86.5W,40,1002,60,120,0,0,0,0,0,0,0,0,0,0
AL012013,             ANDREA,20130606,600,  , TS,26.7N,86.1W,50,999,90,120,0,0,50,70,0,0,0,0,0,0
AL012013,             ANDREA,20130606,1200,  , TS,27.8N,84.9W,55,995,90,120,0,0,50,70,0,0,0,0,0,0
AL012013,             ANDREA,20130606,1800,  , TS,28.9N,83.9W,55,993,80,120,60,60,30,30,0,0,0,0,0,0
AL012013,             ANDREA,20130606,2200, L, TS,29.5N,83.4W,50,992,80,120,60,60,30,30,0,0,0,0,0,0
AL012013,             ANDREA,20130607,0,  , TS,29.8N,83.0W,40,993,120,120,0,0,0,0,0,0,0,0,0,0
AL012013,             ANDREA,20130607,600,  , TS,31.6N,81.4W,40,996,100,120,0,0,0,0,0,0,0,0,0,0
AL012013,             ANDREA,20130607,1200,  , TS,33.5N,80.2W,40,996,100,180,0,0,0,0,0,0,0,0,0,0
AL012013,             ANDREA,20130607,1800,  , EX,35.2N,78.6W,40,996,0,200,0,0,0,0,0,0,0,0,0,0
AL012013,             ANDREA,20130608,0,  , EX,37.4N,76.2W,40,997,0,200,0,0,0,0,0,0,0,0,0,0
AL012013,             ANDREA,20130608,600,  , EX,39.9N,73.6W,40,997,0,200,0,0,0,0,0,0,0,0,0,0
AL012013,             ANDREA,20130608,1200,  , EX,42.4N,70.4W,40,999,0,220,0,0,0,0,0,0,0,0,0,0
AL012013,             ANDREA,20130608,1800,  , EX,44.5N,67.0W,40,1002,0,220,0,0,0,0,0,0,0,0,0,0
AL022013,              BARRY,20130616,0,  , LO,12.4N,81.5W,20,1009,0,0,0,0,0,0,0,0,0,0,0,0
AL022013,              BARRY,20130616,600,  , LO,13.4N,82.0W,20,1009,0,0,0,0,0,0,0,0,0,0,0,0
AL022013,              BARRY,20130616,1200,  , LO,14.2N,82.8W,25,1008,0,0,0,0,0,0,0,0,0,0,0,0
AL022013,              BARRY,20130616,1800,  , LO,14.8N,83.8W,25,1008,0,0,0,0,0,0,0,0,0,0,0,0
AL022013,              BARRY,20130617,0,  , LO,15.3N,84.8W,25,1008,0,0,0,0,0,0,0,0,0,0,0,0
AL022013,              BARRY,20130617,600,  , LO,15.6N,85.9W,25,1008,0,0,0,0,0,0,0,0,0,0,0,0
AL022013,              BARRY,20130617,1200,  , TD,16.0N,87.0W,30,1007,0,0,0,0,0,0,0,0,0,0,0,0
AL022013,              BARRY,20130617,1800,  , TD,16.3N,87.9W,30,1007,0,0,0,0,0,0,0,0,0,0,0,0
AL022013,              BARRY,20130617,2200, L, TD,16.5N,88.4W,30,1006,0,0,0,0,0,0,0,0,0,0,0,0
AL022013,              BARRY,20130618,0,  , TD,16.6N,88.6W,30,1007,0,0,0,0,0,0,0,0,0,0,0,0
AL022013,              BARRY,20130618,600,  , TD,17.0N,89.3W,25,1009,0,0,0,0,0,0,0,0,0,0,0,0
AL022013,              BARRY,20130618,1200,  , TD,17.6N,90.3W,30,1008,0,0,0,0,0,0,0,0,0,0,0,0
AL022013,              BARRY,20130618,1800,  , TD,18.2N,91.3W,30,1008,0,0,0,0,0,0,0,0,0,0,0,0
AL022013,              BARRY,20130619,0,  , TD,18.8N,92.2W,30,1007,0,0,0,0,0,0,0,0,0,0,0,0
AL022013,              BARRY,20130619,600,  , TD,19.2N,93.1W,30,1007,0,0,0,0,0,0,0,0,0,0,0,0
AL022013,              BARRY,20130619,1200,  , TS,19.5N,94.0W,35,1006,50,30,0,0,0,0,0,0,0,0,0,0
AL022013,              BARRY,20130619,1800,  , TS,19.6N,94.8W,40,1005,70,30,30,30,0,0,0,0,0,0,0,0
AL022013,              BARRY,20130620,0,  , TS,19.6N,95.4W,40,1003,70,40,30,30,0,0,0,0,0,0,0,0
AL022013,              BARRY,20130620,600,  , TS,19.6N,95.9W,40,1003,70,50,30,30,0,0,0,0,0,0,0,0
AL022013,              BARRY,20130620,1115, L, TS,19.6N,96.4W,40,1003,70,50,30,30,0,0,0,0,0,0,0,0
AL022013,              BARRY,20130620,1200,  , TS,19.6N,96.5W,40,1004,70,30,0,0,0,0,0,0,0,0,0,0
AL022013,              BARRY,20130620,1800,  , TD,19.6N,97.0W,30,1007,0,0,0,0,0,0,0,0,0,0,0,0
AL022013,              BARRY,20130621,0,  , LO,19.6N,97.5W,25,1011,0,0,0,0,0,0,0,0,0,0,0,0
AL032013,            CHANTAL,20130707,1200,  , TS,9.3N,41.4W,35,1011,30,0,0,0,0,0,0,0,0,0,0,0
AL032013,            CHANTAL,20130707,1800,  , TS,9.5N,43.8W,35,1011,40,0,0,0,0,0,0,0,0,0,0,0
AL032013,            CHANTAL,20130708,0,  , TS,9.8N,46.1W,35,1010,40,30,0,0,0,0,0,0,0,0,0,0
AL032013,            CHANTAL,20130708,600,  , TS,10.1N,48.4W,35,1009,40,30,0,0,0,0,0,0,0,0,0,0
AL032013,            CHANTAL,20130708,1200,  , TS,10.7N,50.6W,40,1008,60,60,0,60,0,0,0,0,0,0,0,0
AL032013,            CHANTAL,20130708,1800,  , TS,11.4N,52.9W,45,1007,60,60,0,60,0,0,0,0,0,0,0,0
AL032013,            CHANTAL,20130709,0,  , TS,12.1N,55.2W,50,1006,80,60,0,80,50,0,0,0,0,0,0,0
AL032013,            CHANTAL,20130709,600,  , TS,13.0N,57.7W,50,1005,80,60,0,80,50,0,0,0,0,0,0,0
AL032013,            CHANTAL,20130709,1200,  , TS,13.9N,60.3W,55,1003,80,60,0,80,50,0,0,0,0,0,0,0
AL032013,            CHANTAL,20130709,1800,  , TS,14.8N,62.9W,55,1006,80,60,0,80,50,0,0,0,0,0,0,0
AL032013,            CHANTAL,20130710,0,  , TS,15.6N,65.6W,45,1008,80,60,0,60,0,0,0,0,0,0,0,0
AL032013,            CHANTAL,20130710,600,  , TS,16.2N,68.4W,40,1010,80,0,0,60,0,0,0,0,0,0,0,0
AL032013,            CHANTAL,20130710,1200,  , TS,16.7N,71.2W,40,1011,80,0,0,60,0,0,0,0,0,0,0,0
AL042013,             DORIAN,20130722,1800,  , LO,11.3N,20.0W,25,1009,0,0,0,0,0,0,0,0,0,0,0,0
AL042013,             DORIAN,20130723,0,  , LO,11.5N,20.9W,25,1009,0,0,0,0,0,0,0,0,0,0,0,0
AL042013,             DORIAN,20130723,600,  , LO,11.7N,21.8W,25,1009,0,0,0,0,0,0,0,0,0,0,0,0
AL042013,             DORIAN,20130723,1200,  , LO,12.0N,22.8W,25,1009,0,0,0,0,0,0,0,0,0,0,0,0
AL042013,             DORIAN,20130723,1800,  , TD,12.4N,23.9W,25,1008,0,0,0,0,0,0,0,0,0,0,0,0
AL042013,             DORIAN,20130724,0,  , TD,13.0N,25.4W,30,1007,0,0,0,0,0,0,0,0,0,0,0,0
AL042013,             DORIAN,20130724,600,  , TS,13.5N,27.1W,35,1006,40,0,0,30,0,0,0,0,0,0,0,0
AL042013,             DORIAN,20130724,1200,  , TS,13.9N,29.0W,40,1005,40,0,0,30,0,0,0,0,0,0,0,0
AL042013,             DORIAN,20130724,1800,  , TS,14.4N,30.8W,45,1004,40,0,0,30,0,0,0,0,0,0,0,0
AL042013,             DORIAN,20130725,0,  , TS,14.9N,32.4W,45,1004,40,0,0,30,0,0,0,0,0,0,0,0
AL042013,             DORIAN,20130725,600,  , TS,15.3N,33.9W,50,1002,40,30,0,40,20,0,0,0,0,0,0,0
AL042013,             DORIAN,20130725,1200,  , TS,15.7N,35.5W,50,1002,50,30,20,40,20,0,0,0,0,0,0,0
AL042013,             DORIAN,20130725,1800,  , TS,16.0N,37.1W,50,1003,50,30,20,40,20,0,0,0,0,0,0,0
AL042013,             DORIAN,20130726,0,  , TS,16.4N,38.7W,45,1005,50,30,20,40,0,0,0,0,0,0,0,0
AL042013,             DORIAN,20130726,600,  , TS,16.9N,40.7W,45,1006,50,30,0,40,0,0,0,0,0,0,0,0
AL042013,             DORIAN,20130726,1200,  , TS,17.3N,42.8W,45,1008,50,0,0,50,0,0,0,0,0,0,0,0
AL042013,             DORIAN,20130726,1800,  , TS,17.6N,45.0W,40,1010,50,0,0,50,0,0,0,0,0,0,0,0
AL042013,             DORIAN,20130727,0,  , TS,17.8N,47.1W,35,1012,50,0,0,50,0,0,0,0,0,0,0,0
AL042013,             DORIAN,20130727,600,  , TS,18.0N,49.2W,35,1012,50,0,0,50,0,0,0,0,0,0,0,0
AL042013,             DORIAN,20130727,1200,  , TS,18.3N,51.1W,35,1012,60,0,0,60,0,0,0,0,0,0,0,0
AL042013,             DORIAN,20130727,1800,  , DB,18.6N,53.0W,35,1012,60,0,0,60,0,0,0,0,0,0,0,0
AL042013,             DORIAN,20130728,0,  , DB,19.0N,54.9W,35,1012,60,0,0,60,0,0,0,0,0,0,0,0
AL042013,             DORIAN,20130728,600,  , DB,19.4N,56.8W,35,1013,60,0,0,60,0,0,0,0,0,0,0,0
AL042013,             DORIAN,20130728,1200,  , DB,19.8N,58.6W,35,1013,60,0,0,60,0,0,0,0,0,0,0,0
AL042013,             DORIAN,20130728,1800,  , DB,20.1N,60.3W,30,1013,0,0,0,0,0,0,0,0,0,0,0,0
AL042013,             DORIAN,20130729,0,  , DB,20.4N,62.0W,25,1014,0,0,0,0,0,0,0,0,0,0,0,0
AL042013,             DORIAN,20130729,600,  , DB,20.6N,63.7W,25,1014,0,0,0,0,0,0,0,0,0,0,0,0
AL042013,             DORIAN,20130729,1200,  , DB,20.8N,65.3W,25,1015,0,0,0,0,0,0,0,0,0,0,0,0
AL042013,             DORIAN,20130729,1800,  , DB,21.0N,66.9W,25,1015,0,0,0,0,0,0,0,0,0,0,0,0
AL042013,             DORIAN,20130730,0,  , DB,21.3N,68.5W,25,1015,0,0,0,0,0,0,0,0,0,0,0,0
AL042013,             DORIAN,20130730,600,  , DB,21.5N,69.8W,25,1015,0,0,0,0,0,0,0,0,0,0,0,0
AL042013,             DORIAN,20130730,1200,  , DB,21.7N,71.0W,25,1015,0,0,0,0,0,0,0,0,0,0,0,0
AL042013,             DORIAN,20130730,1800,  , DB,21.9N,72.2W,25,1015,0,0,0,0,0,0,0,0,0,0,0,0
AL042013,             DORIAN,20130731,0,  , DB,22.1N,73.3W,25,1015,0,0,0,0,0,0,0,0,0,0,0,0
AL042013,             DORIAN,20130731,600,  , DB,22.4N,74.4W,25,1015,0,0,0,0,0,0,0,0,0,0,0,0
AL042013,             DORIAN,20130731,1200,  , DB,22.6N,75.3W,25,1015,0,0,0,0,0,0,0,0,0,0,0,0
AL042013,             DORIAN,20130731,1800,  , DB,22.8N,75.9W,25,1015,0,0,0,0,0,0,0,0,0,0,0,0
AL042013,             DORIAN,20130801,0,  , DB,23.0N,76.5W,25,1014,0,0,0,0,0,0,0,0,0,0,0,0
AL042013,             DORIAN,20130801,600,  , DB,23.3N,77.0W,25,1013,0,0,0,0,0,0,0,0,0,0,0,0
AL042013,             DORIAN,20130801,1200,  , DB,23.7N,77.7W,25,1013,0,0,0,0,0,0,0,0,0,0,0,0
AL042013,             DORIAN,20130801,1800,  , DB,24.2N,78.4W,25,1013,0,0,0,0,0,0,0,0,0,0,0,0
AL042013,             DORIAN,20130802,0,  , DB,24.9N,79.0W,25,1013,0,0,0,0,0,0,0,0,0,0,0,0
AL042013,             DORIAN,20130802,600,  , DB,25.7N,79.3W,25,1013,0,0,0,0,0,0,0,0,0,0,0,0
AL042013,             DORIAN,20130802,1200,  , DB,26.5N,79.4W,25,1013,0,0,0,0,0,0,0,0,0,0,0,0
AL042013,             DORIAN,20130802,1800,  , TD,27.4N,79.4W,25,1013,0,0,0,0,0,0,0,0,0,0,0,0
AL042013,             DORIAN,20130803,0,  , TD,28.4N,79.3W,30,1013,0,0,0,0,0,0,0,0,0,0,0,0
AL042013,             DORIAN,20130803,600,  , TD,29.4N,79.1W,30,1013,0,0,0,0,0,0,0,0,0,0,0,0
AL042013,             DORIAN,20130803,1200,  , TD,30.3N,78.8W,30,1013,0,0,0,0,0,0,0,0,0,0,0,0
AL042013,             DORIAN,20130803,1800,  , LO,31.1N,78.1W,30,1013,0,0,0,0,0,0,0,0,0,0,0,0
AL042013,             DORIAN,20130804,0,  , LO,31.8N,77.2W,30,1012,0,0,0,0,0,0,0,0,0,0,0,0
AL042013,             DORIAN,20130804,600,  , LO,32.4N,75.6W,30,1011,0,0,0,0,0,0,0,0,0,0,0,0
AL052013,               ERIN,20130815,0,  , TD,13.9N,23.3W,30,1008,0,0,0,0,0,0,0,0,0,0,0,0
AL052013,               ERIN,20130815,600,  , TS,14.1N,24.6W,35,1007,30,30,0,0,0,0,0,0,0,0,0,0
AL052013,               ERIN,20130815,1200,  , TS,14.3N,25.9W,35,1007,30,30,0,0,0,0,0,0,0,0,0,0
AL052013,               ERIN,20130815,1800,  , TS,14.7N,27.2W,35,1007,30,30,0,0,0,0,0,0,0,0,0,0
AL052013,               ERIN,20130816,0,  , TS,15.3N,28.6W,35,1007,30,30,0,0,0,0,0,0,0,0,0,0
AL052013,               ERIN,20130816,600,  , TS,15.9N,30.0W,35,1007,30,30,0,0,0,0,0,0,0,0,0,0
AL052013,               ERIN,20130816,1200,  , TS,16.5N,31.4W,35,1007,30,30,0,0,0,0,0,0,0,0,0,0
AL052013,               ERIN,20130816,1800,  , TS,17.3N,32.7W,35,1007,30,30,0,0,0,0,0,0,0,0,0,0
AL052013,               ERIN,20130817,0,  , TS,18.0N,33.8W,40,1006,60,50,0,60,0,0,0,0,0,0,0,0
AL052013,               ERIN,20130817,600,  , TS,18.8N,34.7W,40,1006,60,50,0,60,0,0,0,0,0,0,0,0
AL052013,               ERIN,20130817,1200,  , TS,19.6N,35.5W,35,1007,60,0,0,60,0,0,0,0,0,0,0,0
AL052013,               ERIN,20130817,1800,  , TS,20.3N,36.2W,35,1007,60,0,0,60,0,0,0,0,0,0,0,0
AL052013,               ERIN,20130818,0,  , TS,20.6N,37.2W,35,1007,60,0,0,0,0,0,0,0,0,0,0,0
AL052013,               ERIN,20130818,600,  , LO,20.6N,38.0W,30,1008,0,0,0,0,0,0,0,0,0,0,0,0
AL052013,               ERIN,20130818,1200,  , LO,20.5N,38.8W,30,1008,0,0,0,0,0,0,0,0,0,0,0,0
AL052013,               ERIN,20130818,1800,  , LO,20.4N,39.6W,25,1009,0,0,0,0,0,0,0,0,0,0,0,0
AL052013,               ERIN,20130819,0,  , LO,20.3N,40.4W,25,1009,0,0,0,0,0,0,0,0,0,0,0,0
AL052013,               ERIN,20130819,600,  , LO,20.2N,41.2W,25,1009,0,0,0,0,0,0,0,0,0,0,0,0
AL052013,               ERIN,20130819,1200,  , LO,20.1N,42.0W,20,1010,0,0,0,0,0,0,0,0,0,0,0,0
AL052013,               ERIN,20130819,1800,  , LO,20.0N,42.8W,20,1010,0,0,0,0,0,0,0,0,0,0,0,0
AL062013,            FERNAND,20130825,1200,  , TD,18.7N,94.2W,30,1006,0,0,0,0,0,0,0,0,0,0,0,0
AL062013,            FERNAND,20130825,1800,  , TS,18.9N,95.1W,45,1004,30,20,0,30,0,0,0,0,0,0,0,0
AL062013,            FERNAND,20130826,0,  , TS,19.2N,95.9W,50,1001,30,30,30,30,10,0,0,0,0,0,0,0
AL062013,            FERNAND,20130826,445, L, TS,19.5N,96.3W,50,1001,30,30,30,30,10,0,0,0,0,0,0,0
AL062013,            FERNAND,20130826,600,  , TS,19.7N,96.6W,45,1002,30,30,10,30,0,0,0,0,0,0,0,0
AL062013,            FERNAND,20130826,1200,  , TD,20.1N,97.3W,30,1005,0,0,0,0,0,0,0,0,0,0,0,0
AL062013,            FERNAND,20130826,1800,  , LO,20.5N,98.2W,25,1009,0,0,0,0,0,0,0,0,0,0,0,0
AL072013,          GABRIELLE,20130904,1800,  , TD,16.2N,65.9W,30,1010,0,0,0,0,0,0,0,0,0,0,0,0
AL072013,          GABRIELLE,20130905,0,  , TD,16.7N,66.3W,30,1008,0,0,0,0,0,0,0,0,0,0,0,0
AL072013,          GABRIELLE,20130905,600,  , TD,17.1N,67.0W,30,1008,0,0,0,0,0,0,0,0,0,0,0,0
AL072013,          GABRIELLE,20130905,1200,  , TD,17.4N,67.7W,30,1010,0,0,0,0,0,0,0,0,0,0,0,0
AL072013,          GABRIELLE,20130905,1800,  , DB,17.9N,68.4W,25,1010,0,0,0,0,0,0,0,0,0,0,0,0
AL072013,          GABRIELLE,20130906,0,  , DB,18.8N,68.4W,25,1010,0,0,0,0,0,0,0,0,0,0,0,0
AL072013,          GABRIELLE,20130906,600,  , DB,19.5N,68.5W,20,1010,0,0,0,0,0,0,0,0,0,0,0,0
AL072013,          GABRIELLE,20130906,1200,  , DB,20.0N,68.6W,20,1010,0,0,0,0,0,0,0,0,0,0,0,0
AL072013,          GABRIELLE,20130906,1800,  , DB,20.4N,68.7W,20,1010,0,0,0,0,0,0,0,0,0,0,0,0
AL072013,          GABRIELLE,20130907,0,  , DB,21.2N,68.7W,20,1010,0,0,0,0,0,0,0,0,0,0,0,0
AL072013,          GABRIELLE,20130907,600,  , DB,22.0N,68.8W,20,1010,0,0,0,0,0,0,0,0,0,0,0,0
AL072013,          GABRIELLE,20130907,1200,  , DB,22.8N,69.2W,25,1009,0,0,0,0,0,0,0,0,0,0,0,0
AL072013,          GABRIELLE,20130907,1800,  , DB,23.6N,69.2W,25,1009,0,0,0,0,0,0,0,0,0,0,0,0
AL072013,          GABRIELLE,20130908,0,  , DB,24.4N,69.1W,25,1009,0,0,0,0,0,0,0,0,0,0,0,0
AL072013,          GABRIELLE,20130908,600,  , DB,24.7N,68.9W,25,1009,0,0,0,0,0,0,0,0,0,0,0,0
AL072013,          GABRIELLE,20130908,1200,  , DB,24.8N,68.8W,25,1008,0,0,0,0,0,0,0,0,0,0,0,0
AL072013,          GABRIELLE,20130908,1800,  , DB,24.9N,68.7W,25,1008,0,0,0,0,0,0,0,0,0,0,0,0
AL072013,          GABRIELLE,20130909,0,  , DB,25.1N,68.2W,25,1008,0,0,0,0,0,0,0,0,0,0,0,0
AL072013,          GABRIELLE,20130909,600,  , DB,25.4N,67.8W,25,1008,0,0,0,0,0,0,0,0,0,0,0,0
AL072013,          GABRIELLE,20130909,1200,  , LO,25.9N,66.9W,30,1008,0,0,0,0,0,0,0,0,0,0,0,0
AL072013,          GABRIELLE,20130909,1800,  , LO,26.6N,65.9W,30,1008,0,0,0,0,0,0,0,0,0,0,0,0
AL072013,          GABRIELLE,20130910,0,  , TD,27.6N,65.1W,30,1007,0,0,0,0,0,0,0,0,0,0,0,0
AL072013,          GABRIELLE,20130910,600,  , TS,29.0N,65.0W,40,1005,70,100,0,0,0,0,0,0,0,0,0,0
AL072013,          GABRIELLE,20130910,1200,  , TS,30.1N,64.8W,55,1003,70,100,0,60,20,20,0,20,0,0,0,0
AL072013,          GABRIELLE,20130910,1800,  , TS,31.1N,64.7W,50,1004,90,100,30,60,20,20,0,20,0,0,0,0
AL072013,          GABRIELLE,20130911,0,  , TS,31.9N,64.9W,50,1004,90,100,30,60,20,20,0,20,0,0,0,0
AL072013,          GABRIELLE,20130911,600,  , TS,32.3N,65.4W,45,1008,90,50,30,60,0,0,0,0,0,0,0,0
AL072013,          GABRIELLE,20130911,1200,  , TS,32.5N,65.7W,40,1009,90,40,20,60,0,0,0,0,0,0,0,0
AL072013,          GABRIELLE,20130911,1800,  , TS,32.6N,66.2W,35,1009,90,40,0,50,0,0,0,0,0,0,0,0
AL072013,          GABRIELLE,20130912,0,  , TD,32.9N,66.8W,30,1009,0,0,0,0,0,0,0,0,0,0,0,0
AL072013,          GABRIELLE,20130912,600,  , TD,33.2N,67.4W,30,1009,0,0,0,0,0,0,0,0,0,0,0,0
AL072013,          GABRIELLE,20130912,1200,  , TS,33.6N,67.6W,35,1008,80,90,0,0,0,0,0,0,0,0,0,0
AL072013,          GABRIELLE,20130912,1800,  , TS,34.0N,67.9W,35,1008,80,0,0,0,0,0,0,0,0,0,0,0
AL072013,          GABRIELLE,20130913,0,  , TS,34.7N,68.1W,35,1008,60,0,0,0,0,0,0,0,0,0,0,0
AL072013,          GABRIELLE,20130913,600,  , TD,35.9N,67.5W,30,1007,0,0,0,0,0,0,0,0,0,0,0,0
AL072013,          GABRIELLE,20130913,1200,  , TD,37.7N,66.6W,30,1005,0,0,0,0,0,0,0,0,0,0,0,0
AL082013,              EIGHT,20130906,1200,  , TD,22.4N,97.4W,30,1009,0,0,0,0,0,0,0,0,0,0,0,0
AL082013,              EIGHT,20130906,1800, L, TD,22.3N,97.9W,30,1008,0,0,0,0,0,0,0,0,0,0,0,0
AL082013,              EIGHT,20130907,0,  , TD,21.9N,98.5W,25,1009,0,0,0,0,0,0,0,0,0,0,0,0
AL082013,              EIGHT,20130907,600,  , LO,21.5N,99.0W,25,1009,0,0,0,0,0,0,0,0,0,0,0,0
AL092013,           HUMBERTO,20130908,0,  , LO,13.0N,17.6W,25,1009,0,0,0,0,0,0,0,0,0,0,0,0
AL092013,           HUMBERTO,20130908,600,  , LO,13.0N,18.4W,25,1009,0,0,0,0,0,0,0,0,0,0,0,0
AL092013,           HUMBERTO,20130908,1200,  , LO,13.0N,19.3W,25,1009,0,0,0,0,0,0,0,0,0,0,0,0
AL092013,           HUMBERTO,20130908,1800,  , TD,13.0N,20.3W,25,1008,0,0,0,0,0,0,0,0,0,0,0,0
AL092013,           HUMBERTO,20130909,0,  , TD,13.1N,21.3W,30,1007,0,0,0,0,0,0,0,0,0,0,0,0
AL092013,           HUMBERTO,20130909,600,  , TS,13.3N,22.4W,35,1006,0,0,40,60,0,0,0,0,0,0,0,0
AL092013,           HUMBERTO,20130909,1200,  , TS,13.5N,23.6W,40,1005,60,0,40,60,0,0,0,0,0,0,0,0
AL092013,           HUMBERTO,20130909,1800,  , TS,13.7N,24.6W,45,1004,80,40,40,60,0,0,0,0,0,0,0,0
AL092013,           HUMBERTO,20130910,0,  , TS,13.9N,25.5W,50,1002,90,60,40,60,40,30,0,0,0,0,0,0
AL092013,           HUMBERTO,20130910,600,  , TS,14.1N,26.5W,55,1000,100,80,50,70,50,30,0,0,0,0,0,0
AL092013,           HUMBERTO,20130910,1200,  , TS,14.3N,27.3W,55,1000,100,80,50,80,50,30,0,30,0,0,0,0
AL092013,           HUMBERTO,20130910,1800,  , TS,14.7N,27.9W,55,999,110,80,50,80,50,30,20,30,0,0,0,0
AL092013,           HUMBERTO,20130911,0,  , TS,15.1N,28.3W,55,998,120,90,60,90,60,40,30,40,0,0,0,0
AL092013,           HUMBERTO,20130911,600,  , TS,15.6N,28.6W,60,994,120,100,60,90,60,40,30,40,0,0,0,0
AL092013,           HUMBERTO,20130911,1200,  , HU,16.3N,28.9W,70,987,120,100,60,90,60,40,30,40,30,20,0,0
AL092013,           HUMBERTO,20130911,1800,  , HU,17.4N,28.9W,80,979,120,100,60,90,60,40,30,40,30,20,0,20
AL092013,           HUMBERTO,20130912,0,  , HU,18.6N,28.9W,80,979,130,120,70,100,60,50,30,50,40,30,20,30
AL092013,           HUMBERTO,20130912,600,  , HU,19.9N,28.9W,80,979,140,130,70,130,60,50,30,50,40,30,20,30
AL092013,           HUMBERTO,20130912,1200,  , HU,21.2N,28.9W,75,980,150,140,70,160,60,50,40,50,40,30,20,30
AL092013,           HUMBERTO,20130912,1800,  , HU,22.3N,29.1W,75,980,160,150,80,160,70,60,40,60,40,30,20,30
AL092013,           HUMBERTO,20130913,0,  , HU,23.2N,29.5W,70,982,180,160,90,160,80,60,40,60,40,30,20,30
AL092013,           HUMBERTO,20130913,600,  , TS,24.0N,30.0W,60,986,200,160,100,160,90,70,50,70,0,0,0,0
AL092013,           HUMBERTO,20130913,1200,  , TS,24.6N,30.8W,55,988,200,160,110,160,90,70,50,70,0,0,0,0
AL092013,           HUMBERTO,20130913,1800,  , TS,24.8N,31.7W,45,995,180,140,100,160,0,0,0,0,0,0,0,0
AL092013,           HUMBERTO,20130914,0,  , LO,24.8N,32.6W,40,999,180,120,80,140,0,0,0,0,0,0,0,0
AL092013,           HUMBERTO,20130914,600,  , LO,24.9N,33.6W,35,1003,180,0,0,120,0,0,0,0,0,0,0,0
AL092013,           HUMBERTO,20130914,1200,  , LO,25.2N,34.8W,35,1004,180,0,0,120,0,0,0,0,0,0,0,0
AL092013,           HUMBERTO,20130914,1800,  , LO,25.5N,36.3W,35,1005,180,0,0,120,0,0,0,0,0,0,0,0
AL092013,           HUMBERTO,20130915,0,  , TS,25.6N,37.8W,35,1004,180,0,0,120,0,0,0,0,0,0,0,0
AL092013,           HUMBERTO,20130915,600,  , TS,25.6N,38.9W,35,1004,190,0,0,120,0,0,0,0,0,0,0,0
AL092013,           HUMBERTO,20130915,1200,  , TS,25.9N,39.7W,35,1004,200,0,0,120,0,0,0,0,0,0,0,0
AL092013,           HUMBERTO,20130915,1800,  , TS,26.4N,40.4W,35,1004,200,0,0,120,0,0,0,0,0,0,0,0
AL092013,           HUMBERTO,20130916,0,  , TS,26.7N,41.3W,35,1004,200,0,0,120,0,0,0,0,0,0,0,0
AL092013,           HUMBERTO,20130916,600,  , TS,26.7N,42.4W,35,1004,190,0,0,110,0,0,0,0,0,0,0,0
AL092013,           HUMBERTO,20130916,1200,  , TS,26.8N,42.9W,40,1000,180,0,0,100,0,0,0,0,0,0,0,0
AL092013,           HUMBERTO,20130916,1800,  , TS,26.9N,43.3W,40,1000,170,0,0,90,0,0,0,0,0,0,0,0
AL092013,           HUMBERTO,20130917,0,  , TS,27.0N,43.2W,35,1002,160,0,0,0,0,0,0,0,0,0,0,0
AL092013,           HUMBERTO,20130917,600,  , TS,27.4N,42.9W,35,1002,140,120,0,0,0,0,0,0,0,0,0,0
AL092013,           HUMBERTO,20130917,1200,  , SS,28.4N,42.6W,40,1000,120,120,0,0,0,0,0,0,0,0,0,0
AL092013,           HUMBERTO,20130917,1800,  , SS,29.5N,42.7W,40,1000,120,0,0,0,0,0,0,0,0,0,0,0
AL092013,           HUMBERTO,20130918,0,  , SS,30.5N,43.2W,35,1003,120,0,0,0,0,0,0,0,0,0,0,0
AL092013,           HUMBERTO,20130918,600,  , SD,31.1N,43.6W,30,1006,0,0,0,0,0,0,0,0,0,0,0,0
AL092013,           HUMBERTO,20130918,1200,  , SD,31.6N,43.9W,30,1006,0,0,0,0,0,0,0,0,0,0,0,0
AL092013,           HUMBERTO,20130918,1800,  , SD,32.0N,44.1W,30,1007,0,0,0,0,0,0,0,0,0,0,0,0
AL092013,           HUMBERTO,20130919,0,  , SD,32.5N,44.3W,30,1007,0,0,0,0,0,0,0,0,0,0,0,0
AL092013,           HUMBERTO,20130919,600,  , SD,33.0N,44.5W,30,1007,0,0,0,0,0,0,0,0,0,0,0,0
AL102013,             INGRID,20130912,600,  , LO,19.3N,92.2W,25,1006,0,0,0,0,0,0,0,0,0,0,0,0
AL102013,             INGRID,20130912,1200,  , LO,19.6N,92.9W,30,1005,0,0,0,0,0,0,0,0,0,0,0,0
AL102013,             INGRID,20130912,1800,  , TD,19.7N,93.6W,30,1004,0,0,0,0,0,0,0,0,0,0,0,0
AL102013,             INGRID,20130913,0,  , TD,19.7N,94.1W,30,1003,0,0,0,0,0,0,0,0,0,0,0,0
AL102013,             INGRID,20130913,600,  , TD,19.6N,94.6W,30,1002,0,0,0,0,0,0,0,0,0,0,0,0
AL102013,             INGRID,20130913,1200,  , TS,19.3N,95.1W,35,1000,40,0,40,40,0,0,0,0,0,0,0,0
AL102013,             INGRID,20130913,1800,  , TS,19.1N,95.3W,40,996,50,30,40,40,0,0,0,0,0,0,0,0
AL102013,             INGRID,20130914,0,  , TS,19.3N,95.3W,50,993,70,40,50,40,40,0,0,0,0,0,0,0
AL102013,             INGRID,20130914,600,  , TS,19.6N,95.1W,55,990,70,60,50,40,40,0,0,0,0,0,0,0
AL102013,             INGRID,20130914,1200,  , TS,20.3N,94.6W,60,989,70,60,50,40,30,0,0,30,0,0,0,0
AL102013,             INGRID,20130914,1800,  , HU,21.0N,94.4W,65,986,70,80,40,40,40,20,0,20,20,0,0,0
AL102013,             INGRID,20130915,0,  , HU,21.6N,94.7W,75,983,70,90,40,50,50,30,20,30,30,0,0,20
AL102013,             INGRID,20130915,600,  , HU,22.0N,95.2W,75,985,70,80,40,60,50,20,20,30,30,0,0,20
AL102013,             INGRID,20130915,1200,  , HU,22.4N,95.6W,65,989,70,70,30,60,40,10,0,30,20,0,0,20
AL102013,             INGRID,20130915,1800,  , HU,22.7N,95.9W,65,987,70,70,30,70,40,10,0,30,20,0,0,0
AL102013,             INGRID,20130916,0,  , HU,23.0N,96.2W,70,989,70,70,30,60,40,20,0,30,15,15,0,0
AL102013,             INGRID,20130916,600,  , TS,23.4N,96.9W,60,990,70,70,30,50,40,20,0,30,0,0,0,0
AL102013,             INGRID,20130916,1115, L, TS,23.7N,97.7W,55,991,70,60,20,30,30,20,0,0,0,0,0,0
AL102013,             INGRID,20130916,1200,  , TS,23.7N,97.8W,55,991,70,60,20,30,30,20,0,0,0,0,0,0
AL102013,             INGRID,20130916,1800,  , TS,23.7N,98.7W,40,998,70,60,0,20,0,0,0,0,0,0,0,0
AL102013,             INGRID,20130917,0,  , TD,23.7N,99.2W,25,1006,0,0,0,0,0,0,0,0,0,0,0,0
AL102013,             INGRID,20130917,600,  , LO,23.7N,99.7W,20,1008,0,0,0,0,0,0,0,0,0,0,0,0
AL112013,              JERRY,20130928,0,  , LO,21.1N,50.0W,30,1012,0,0,0,0,0,0,0,0,0,0,0,0
AL112013,              JERRY,20130928,600,  , LO,22.2N,50.3W,30,1012,0,0,0,0,0,0,0,0,0,0,0,0
AL112013,              JERRY,20130928,1200,  , LO,23.3N,50.6W,30,1011,0,0,0,0,0,0,0,0,0,0,0,0
AL112013,              JERRY,20130928,1800,  , LO,24.2N,50.6W,30,1011,0,0,0,0,0,0,0,0,0,0,0,0
AL112013,              JERRY,20130929,0,  , TD,24.9N,50.4W,30,1010,0,0,0,0,0,0,0,0,0,0,0,0
AL112013,              JERRY,20130929,600,  , TD,25.6N,49.7W,30,1010,0,0,0,0,0,0,0,0,0,0,0,0
AL112013,              JERRY,20130929,1200,  , TD,26.2N,49.0W,30,1010,0,0,0,0,0,0,0,0,0,0,0,0
AL112013,              JERRY,20130929,1800,  , TD,26.7N,48.2W,30,1010,0,0,0,0,0,0,0,0,0,0,0,0
AL112013,              JERRY,20130930,0,  , TD,27.1N,47.5W,30,1009,0,0,0,0,0,0,0,0,0,0,0,0
AL112013,              JERRY,20130930,600,  , TS,27.2N,46.8W,35,1008,30,30,0,0,0,0,0,0,0,0,0,0
AL112013,              JERRY,20130930,1200,  , TS,27.3N,46.0W,35,1008,40,40,0,0,0,0,0,0,0,0,0,0
AL112013,              JERRY,20130930,1800,  , TS,27.3N,45.0W,40,1006,40,40,0,30,0,0,0,0,0,0,0,0
AL112013,              JERRY,20131001,0,  , TS,27.5N,43.9W,45,1005,50,50,40,40,0,0,0,0,0,0,0,0
AL112013,              JERRY,20131001,600,  , TS,27.7N,43.6W,40,1006,50,50,40,40,0,0,0,0,0,0,0,0
AL112013,              JERRY,20131001,1200,  , TS,28.1N,43.5W,40,1007,40,40,20,30,0,0,0,0,0,0,0,0
AL112013,              JERRY,20131001,1800,  , TS,28.1N,43.5W,40,1007,40,40,20,30,0,0,0,0,0,0,0,0
AL112013,              JERRY,20131002,0,  , TS,28.1N,43.7W,35,1007,40,40,0,30,0,0,0,0,0,0,0,0
AL112013,              JERRY,20131002,600,  , TS,28.1N,43.9W,35,1007,40,40,0,30,0,0,0,0,0,0,0,0
AL112013,              JERRY,20131002,1200,  , TS,28.6N,43.4W,35,1007,40,40,0,30,0,0,0,0,0,0,0,0
AL112013,              JERRY,20131002,1800,  , TS,29.0N,42.9W,35,1007,50,50,0,30,0,0,0,0,0,0,0,0
AL112013,              JERRY,20131003,0,  , TS,29.4N,42.4W,35,1007,60,60,0,0,0,0,0,0,0,0,0,0
AL112013,              JERRY,20131003,600,  , TS,30.1N,41.7W,35,1007,60,60,0,0,0,0,0,0,0,0,0,0
AL112013,              JERRY,20131003,1200,  , TS,30.8N,40.6W,35,1007,60,60,0,0,0,0,0,0,0,0,0,0
AL112013,              JERRY,20131003,1800,  , LO,31.5N,39.3W,35,1008,60,60,0,0,0,0,0,0,0,0,0,0
AL112013,              JERRY,20131004,0,  , LO,32.5N,38.0W,35,1008,60,60,0,0,0,0,0,0,0,0,0,0
AL112013,              JERRY,20131004,600,  , LO,33.1N,36.6W,35,1008,60,60,0,0,0,0,0,0,0,0,0,0
AL112013,              JERRY,20131004,1200,  , LO,33.7N,35.0W,35,1008,60,60,0,0,0,0,0,0,0,0,0,0
AL112013,              JERRY,20131004,1800,  , LO,34.2N,33.7W,35,1008,60,60,0,0,0,0,0,0,0,0,0,0
AL112013,              JERRY,20131005,0,  , LO,34.5N,32.7W,35,1008,60,60,0,0,0,0,0,0,0,0,0,0
AL112013,              JERRY,20131005,600,  , LO,35.0N,31.7W,35,1008,60,60,0,0,0,0,0,0,0,0,0,0
AL112013,              JERRY,20131005,1200,  , LO,35.9N,30.7W,40,1008,60,60,0,0,0,0,0,0,0,0,0,0
AL112013,              JERRY,20131005,1800,  , LO,36.7N,29.8W,40,1008,60,60,0,0,0,0,0,0,0,0,0,0
AL112013,              JERRY,20131006,0,  , LO,38.0N,28.9W,40,1008,60,60,0,0,0,0,0,0,0,0,0,0
AL122013,              KAREN,20131003,600,  , TS,21.5N,86.8W,45,1006,70,70,0,0,0,0,0,0,0,0,0,0
AL122013,              KAREN,20131003,1200,  , TS,22.1N,87.4W,55,1004,100,90,30,60,40,20,0,40,0,0,0,0
AL122013,              KAREN,20131003,1800,  , TS,22.8N,88.1W,55,1001,120,110,30,60,60,40,0,40,0,0,0,0
AL122013,              KAREN,20131003,2100, P, TS,23.3N,88.5W,55,998,120,110,30,60,60,40,0,40,0,0,0,0
AL122013,              KAREN,20131004,0,  , TS,23.9N,89.0W,50,999,120,110,0,60,60,40,0,0,0,0,0,0
AL122013,              KAREN,20131004,600,  , TS,24.5N,89.5W,45,1002,120,110,0,60,0,0,0,0,0,0,0,0
AL122013,              KAREN,20131004,1200,  , TS,25.2N,89.9W,45,1002,120,110,0,60,0,0,0,0,0,0,0,0
AL122013,              KAREN,20131004,1800,  , TS,25.8N,90.2W,45,1002,100,90,30,20,0,0,0,0,0,0,0,0
AL122013,              KAREN,20131005,0,  , TS,26.1N,90.5W,40,1004,100,90,30,0,0,0,0,0,0,0,0,0
AL122013,              KAREN,20131005,600,  , TS,26.7N,91.0W,40,1007,100,0,0,0,0,0,0,0,0,0,0,0
AL122013,              KAREN,20131005,1200,  , TS,27.6N,91.6W,40,1008,60,0,0,0,0,0,0,0,0,0,0,0
AL122013,              KAREN,20131005,1800,  , TS,27.9N,91.8W,35,1008,30,0,0,0,0,0,0,0,0,0,0,0
AL122013,              KAREN,20131006,0,  , TD,28.1N,91.9W,30,1008,0,0,0,0,0,0,0,0,0,0,0,0
AL122013,              KAREN,20131006,600,  , TD,28.1N,91.9W,25,1009,0,0,0,0,0,0,0,0,0,0,0,0
AL132013,            LORENZO,20131021,600,  , TD,27.6N,55.9W,30,1012,0,0,0,0,0,0,0,0,0,0,0,0
AL132013,            LORENZO,20131021,1200,  , TS,28.2N,55.6W,35,1010,60,60,0,0,0,0,0,0,0,0,0,0
AL132013,            LORENZO,20131021,1800,  , TS,28.8N,55.0W,35,1008,60,60,0,0,0,0,0,0,0,0,0,0
AL132013,            LORENZO,20131022,0,  , TS,29.1N,54.2W,35,1008,60,60,0,0,0,0,0,0,0,0,0,0
AL132013,            LORENZO,20131022,600,  , TS,29.3N,53.3W,40,1005,60,60,0,0,0,0,0,0,0,0,0,0
AL132013,            LORENZO,20131022,1200,  , TS,29.4N,52.4W,45,1000,60,60,40,40,0,0,0,0,0,0,0,0
AL132013,            LORENZO,20131022,1800,  , TS,29.5N,51.5W,45,1000,60,60,40,40,0,0,0,0,0,0,0,0
AL132013,            LORENZO,20131023,0,  , TS,29.5N,50.6W,45,1001,60,60,40,40,0,0,0,0,0,0,0,0
AL132013,            LORENZO,20131023,600,  , TS,29.5N,49.8W,45,1004,60,60,40,40,0,0,0,0,0,0,0,0
AL132013,            LORENZO,20131023,1200,  , TS,29.4N,49.3W,40,1006,60,60,40,40,0,0,0,0,0,0,0,0
AL132013,            LORENZO,20131023,1800,  , TS,29.3N,48.9W,35,1007,60,60,40,40,0,0,0,0,0,0,0,0
AL132013,            LORENZO,20131024,0,  , TD,29.4N,48.4W,30,1008,0,0,0,0,0,0,0,0,0,0,0,0
AL132013,            LORENZO,20131024,600,  , TD,29.7N,48.0W,30,1009,0,0,0,0,0,0,0,0,0,0,0,0
AL132013,            LORENZO,20131024,1200,  , LO,30.1N,47.7W,25,1011,0,0,0,0,0,0,0,0,0,0,0,0
AL132013,            LORENZO,20131024,1800,  , LO,30.5N,47.2W,25,1012,0,0,0,0,0,0,0,0,0,0,0,0
AL132013,            LORENZO,20131025,0,  , LO,30.7N,46.7W,25,1013,0,0,0,0,0,0,0,0,0,0,0,0
AL132013,            LORENZO,20131025,600,  , LO,31.0N,46.1W,25,1013,0,0,0,0,0,0,0,0,0,0,0,0
AL132013,            LORENZO,20131025,1200,  , LO,31.3N,45.7W,25,1013,0,0,0,0,0,0,0,0,0,0,0,0
AL132013,            LORENZO,20131025,1800,  , LO,31.6N,45.3W,25,1013,0,0,0,0,0,0,0,0,0,0,0,0
AL132013,            LORENZO,20131026,0,  , LO,32.1N,44.7W,20,1013,0,0,0,0,0,0,0,0,0,0,0,0
AL132013,            LORENZO,20131026,600,  , LO,32.8N,43.9W,20,1013,0,0,0,0,0,0,0,0,0,0,0,0
AL142013,            MELISSA,20131117,0,  , EX,23.9N,52.4W,35,1006,240,0,0,240,0,0,0,0,0,0,0,0
AL142013,            MELISSA,20131117,600,  , EX,24.3N,52.7W,35,1005,240,0,0,240,0,0,0,0,0,0,0,0
AL142013,            MELISSA,20131117,1200,  , EX,25.0N,52.9W,35,1005,240,0,0,240,0,0,0,0,0,0,0,0
AL142013,            MELISSA,20131117,1800,  , EX,26.0N,52.9W,40,1002,240,150,120,240,0,0,0,0,0,0,0,0
AL142013,            MELISSA,20131118,0,  , EX,27.1N,52.7W,45,997,240,150,120,240,0,0,0,0,0,0,0,0
AL142013,            MELISSA,20131118,600,  , EX,28.3N,52.7W,45,992,240,150,150,240,0,0,0,0,0,0,0,0
AL142013,            MELISSA,20131118,1200,  , SS,29.1N,53.4W,50,987,270,180,180,240,0,60,60,90,0,0,0,0
AL142013,            MELISSA,20131118,1800,  , SS,29.7N,54.0W,50,987,270,180,180,240,60,60,60,90,0,0,0,0
AL142013,            MELISSA,20131119,0,  , SS,30.2N,54.5W,50,985,270,180,180,240,90,60,60,90,0,0,0,0
AL142013,            MELISSA,20131119,600,  , SS,30.8N,54.7W,55,982,240,180,180,210,90,90,60,90,0,0,0,0
AL142013,            MELISSA,20131119,1200,  , SS,31.6N,54.7W,55,982,210,180,180,180,90,90,60,60,0,0,0,0
AL142013,            MELISSA,20131119,1800,  , SS,32.5N,54.4W,50,982,150,180,180,180,90,90,60,60,0,0,0,0
AL142013,            MELISSA,20131120,0,  , SS,33.3N,53.2W,45,985,100,180,180,150,0,0,0,0,0,0,0,0
AL142013,            MELISSA,20131120,600,  , TS,34.1N,51.4W,45,988,90,180,150,120,0,0,0,0,0,0,0,0
AL142013,            MELISSA,20131120,1200,  , TS,35.1N,49.0W,45,988,80,180,150,120,0,0,0,0,0,0,0,0
AL142013,            MELISSA,20131120,1800,  , TS,36.3N,46.4W,45,988,60,180,150,120,0,0,0,0,0,0,0,0
AL142013,            MELISSA,20131121,0,  , TS,37.5N,43.5W,45,984,60,210,150,120,0,0,0,0,0,0,0,0
AL142013,            MELISSA,20131121,600,  , TS,38.8N,40.0W,50,984,60,210,150,120,0,90,90,0,0,0,0,0
AL142013,            MELISSA,20131121,1200,  , TS,39.9N,36.6W,55,980,90,210,180,120,0,90,90,0,0,0,0,0
AL142013,            MELISSA,20131121,1800,  , TS,40.7N,33.3W,55,980,90,210,210,120,0,90,90,0,0,0,0,0
AL142013,            MELISSA,20131122,0,  , LO,41.3N,30.2W,50,984,60,210,210,0,0,90,90,0,0,0,0,0
AL142013,            MELISSA,20131122,600,  , LO,41.6N,27.5W,45,988,60,210,210,0,0,0,0,0,0,0,0,0
AL142013,            MELISSA,20131122,1200,  , EX,41.6N,24.7W,40,992,60,210,210,0,0,0,0,0,0,0,0,0
AL142013,            MELISSA,20131122,1800,  , EX,41.3N,22.0W,40,996,60,210,210,0,0,0,0,0,0,0,0,0
AL142013,            MELISSA,20131123,0,  , EX,40.8N,19.5W,35,1000,0,210,210,0,0,0,0,0,0,0,0,0
AL142013,            MELISSA,20131123,600,  , EX,40.0N,17.1W,35,1004,0,210,210,0,0,0,0,0,0,0,0,0
AL152013,            UNNAMED,20131203,1800,  , EX,34.3N,27.7W,50,1002,160,70,210,300,0,0,0,100,0,0,0,0
AL152013,            UNNAMED,20131204,0,  , EX,33.9N,27.8W,55,1000,160,160,180,300,0,0,0,100,0,0,0,0
AL152013,            UNNAMED,20131204,600,  , EX,33.1N,28.9W,55,997,160,160,180,300,0,0,0,100,0,0,0,0
AL152013,            UNNAMED,20131204,1200,  , EX,32.2N,28.5W,50,995,160,160,180,300,0,0,0,90,0,0,0,0
AL152013,            UNNAMED,20131204,1800,  , EX,31.9N,27.9W,50,995,160,160,180,300,0,0,90,90,0,0,0,0
AL152013,            UNNAMED,20131205,0,  , SS,32.4N,27.5W,45,997,140,170,180,300,0,0,0,0,0,0,0,0
AL152013,            UNNAMED,20131205,600,  , SS,33.0N,27.4W,45,998,140,170,180,300,0,0,0,0,0,0,0,0
AL152013,            UNNAMED,20131205,1200,  , SS,33.5N,27.7W,45,998,130,160,170,240,0,0,0,0,0,0,0,0
AL152013,            UNNAMED,20131205,1800,  , SS,33.7N,27.8W,40,999,120,150,150,150,0,0,0,0,0,0,0,0
AL152013,            UNNAMED,20131206,0,  , SS,33.9N,27.9W,40,999,120,120,120,120,0,0,0,0,0,0,0,0
AL152013,            UNNAMED,20131206,600,  , SS,33.9N,27.1W,40,999,70,0,0,0,0,0,0,0,0,0,0,0
AL152013,            UNNAMED,20131206,1200,  , SS,34.5N,26.9W,40,999,70,0,0,0,0,0,0,0,0,0,0,0
AL152013,            UNNAMED,20131206,1800,  , SS,35.1N,27.0W,40,999,70,0,0,0,0,0,0,0,0,0,0,0
AL152013,            UNNAMED,20131207,0,  , SS,35.8N,27.1W,35,1000,100,0,0,70,0,0,0,0,0,0,0,0
AL152013,            UNNAMED,20131207,600,  , LO,36.5N,27.4W,35,1001,100,0,0,70,0,0,0,0,0,0,0,0
AL152013,            UNNAMED,20131207,1200,  , LO,37.1N,27.8W,30,1003,0,0,0,0,0,0,0,0,0,0,0,0
AL012014,             ARTHUR,20140628,1800,  , LO,32.0N,78.2W,20,1017,0,0,0,0,0,0,0,0,0,0,0,0
AL012014,             ARTHUR,20140629,0,  , LO,31.2N,77.8W,20,1017,0,0,0,0,0,0,0,0,0,0,0,0
AL012014,             ARTHUR,20140629,600,  , LO,30.5N,77.4W,20,1017,0,0,0,0,0,0,0,0,0,0,0,0
AL012014,             ARTHUR,20140629,1200,  , LO,30.0N,77.2W,20,1016,0,0,0,0,0,0,0,0,0,0,0,0
AL012014,             ARTHUR,20140629,1800,  , LO,29.7N,77.2W,25,1015,0,0,0,0,0,0,0,0,0,0,0,0
AL012014,             ARTHUR,20140630,0,  , LO,29.5N,77.5W,25,1014,0,0,0,0,0,0,0,0,0,0,0,0
AL012014,             ARTHUR,20140630,600,  , LO,29.2N,78.0W,25,1013,0,0,0,0,0,0,0,0,0,0,0,0
AL012014,             ARTHUR,20140630,1200,  , LO,28.7N,78.4W,25,1011,0,0,0,0,0,0,0,0,0,0,0,0
AL012014,             ARTHUR,20140630,1800,  , LO,28.1N,78.7W,30,1010,0,0,0,0,0,0,0,0,0,0,0,0
AL012014,             ARTHUR,20140701,0,  , TD,27.7N,78.9W,30,1008,0,0,0,0,0,0,0,0,0,0,0,0
AL012014,             ARTHUR,20140701,600,  , TD,27.5N,79.1W,30,1007,0,0,0,0,0,0,0,0,0,0,0,0
AL012014,             ARTHUR,20140701,1200,  , TS,27.5N,79.2W,35,1005,0,40,40,0,0,0,0,0,0,0,0,0
AL012014,             ARTHUR,20140701,1800,  , TS,27.7N,79.3W,40,1003,40,60,50,40,0,0,0,0,0,0,0,0
AL012014,             ARTHUR,20140702,0,  , TS,27.9N,79.2W,45,999,60,70,50,40,0,0,0,0,0,0,0,0
AL012014,             ARTHUR,20140702,600,  , TS,28.2N,79.1W,50,995,60,70,50,40,30,30,0,0,0,0,0,0
AL012014,             ARTHUR,20140702,1200,  , TS,28.7N,79.0W,55,995,60,70,50,40,30,30,0,0,0,0,0,0
AL012014,             ARTHUR,20140702,1800,  , TS,29.4N,79.1W,60,994,70,70,60,50,30,30,0,30,0,0,0,0
AL012014,             ARTHUR,20140703,0,  , HU,30.1N,79.2W,65,987,70,80,60,50,30,30,20,30,15,15,0,0
AL012014,             ARTHUR,20140703,600,  , HU,30.9N,79.1W,70,984,70,80,60,50,30,30,20,30,15,15,0,0
AL012014,             ARTHUR,20140703,1200,  , HU,31.8N,78.8W,80,981,100,100,60,50,40,50,20,30,20,20,0,0
AL012014,             ARTHUR,20140703,1800,  , HU,32.9N,78.3W,80,978,110,130,80,60,50,60,20,30,30,30,0,20
AL012014,             ARTHUR,20140704,0,  , HU,34.0N,77.3W,85,975,110,130,80,60,50,80,50,30,30,35,30,20
AL012014,             ARTHUR,20140704,315, L, HU,34.7N,76.6W,85,973,110,130,80,60,50,80,50,30,30,35,30,20
AL012014,             ARTHUR,20140704,600,  , HU,35.3N,76.0W,85,972,100,110,90,40,50,80,50,30,30,35,30,20
AL012014,             ARTHUR,20140704,800, L, HU,35.8N,75.5W,85,973,100,110,90,40,50,80,50,30,30,35,30,20
AL012014,             ARTHUR,20140704,1200,  , HU,36.8N,74.4W,80,976,100,110,90,60,60,80,40,30,25,35,20,20
AL012014,             ARTHUR,20140704,1800,  , HU,38.4N,72.4W,70,978,120,140,100,70,60,90,40,30,20,60,20,10
AL012014,             ARTHUR,20140705,0,  , HU,40.2N,69.7W,65,976,120,140,100,70,60,100,70,40,45,60,45,0
AL012014,             ARTHUR,20140705,600,  , TS,42.3N,67.6W,60,981,120,140,100,70,50,100,70,40,0,0,0,0
AL012014,             ARTHUR,20140705,1200,  , EX,44.1N,66.5W,60,982,140,180,140,70,0,60,90,0,0,0,0,0
AL012014,             ARTHUR,20140705,1800,  , EX,45.9N,65.3W,55,980,210,180,220,100,0,0,90,0,0,0,0,0
AL012014,             ARTHUR,20140706,0,  , EX,47.1N,64.0W,50,981,90,110,180,180,0,0,90,0,0,0,0,0
AL012014,             ARTHUR,20140706,600,  , EX,47.6N,62.4W,45,982,90,200,0,0,0,0,0,0,0,0,0,0
AL012014,             ARTHUR,20140706,1200,  , EX,48.5N,60.2W,40,986,0,150,0,0,0,0,0,0,0,0,0,0
AL012014,             ARTHUR,20140706,1800,  , EX,50.3N,58.1W,35,989,0,180,0,0,0,0,0,0,0,0,0,0
AL012014,             ARTHUR,20140707,0,  , EX,52.3N,56.4W,35,988,0,240,0,0,0,0,0,0,0,0,0,0
AL012014,             ARTHUR,20140707,600,  , EX,54.2N,55.4W,35,985,0,240,0,0,0,0,0,0,0,0,0,0
AL012014,             ARTHUR,20140707,1200,  , EX,56.0N,54.7W,35,984,320,240,0,0,0,0,0,0,0,0,0,0
AL012014,             ARTHUR,20140707,1800,  , EX,57.3N,54.2W,40,985,320,240,160,0,0,0,0,0,0,0,0,0
AL012014,             ARTHUR,20140708,0,  , EX,58.1N,54.1W,45,988,320,200,150,0,0,0,0,0,0,0,0,0
AL012014,             ARTHUR,20140708,600,  , EX,58.9N,54.7W,40,991,320,180,120,0,0,0,0,0,0,0,0,0
AL012014,             ARTHUR,20140708,1200,  , EX,59.4N,56.1W,35,993,320,0,0,0,0,0,0,0,0,0,0,0
AL012014,             ARTHUR,20140708,1800,  , EX,60.0N,57.0W,30,995,0,0,0,0,0,0,0,0,0,0,0,0
AL012014,             ARTHUR,20140709,0,  , EX,60.3N,56.7W,30,997,0,0,0,0,0,0,0,0,0,0,0,0
AL012014,             ARTHUR,20140709,600,  , EX,60.1N,56.2W,25,1001,0,0,0,0,0,0,0,0,0,0,0,0
AL012014,             ARTHUR,20140709,1200,  , EX,59.8N,55.7W,25,1005,0,0,0,0,0,0,0,0,0,0,0,0
AL012014,             ARTHUR,20140709,1800,  , EX,59.5N,55.0W,25,1008,0,0,0,0,0,0,0,0,0,0,0,0
AL022014,                TWO,20140719,1200,  , LO,9.0N,29.0W,20,1012,0,0,0,0,0,0,0,0,0,0,0,0
AL022014,                TWO,20140719,1800,  , LO,9.4N,30.7W,20,1012,0,0,0,0,0,0,0,0,0,0,0,0
AL022014,                TWO,20140720,0,  , LO,9.7N,31.8W,20,1012,0,0,0,0,0,0,0,0,0,0,0,0
AL022014,                TWO,20140720,600,  , LO,10.0N,33.0W,20,1012,0,0,0,0,0,0,0,0,0,0,0,0
AL022014,                TWO,20140720,1200,  , LO,10.4N,34.4W,20,1012,0,0,0,0,0,0,0,0,0,0,0,0
AL022014,                TWO,20140720,1800,  , LO,10.7N,36.1W,20,1012,0,0,0,0,0,0,0,0,0,0,0,0
AL022014,                TWO,20140721,0,  , LO,11.0N,38.0W,25,1012,0,0,0,0,0,0,0,0,0,0,0,0
AL022014,                TWO,20140721,600,  , LO,11.2N,39.9W,25,1012,0,0,0,0,0,0,0,0,0,0,0,0
AL022014,                TWO,20140721,1200,  , TD,11.4N,41.6W,30,1012,0,0,0,0,0,0,0,0,0,0,0,0
AL022014,                TWO,20140721,1800,  , TD,11.6N,43.1W,30,1012,0,0,0,0,0,0,0,0,0,0,0,0
AL022014,                TWO,20140722,0,  , TD,11.9N,44.4W,30,1012,0,0,0,0,0,0,0,0,0,0,0,0
AL022014,                TWO,20140722,600,  , TD,12.1N,45.7W,30,1012,0,0,0,0,0,0,0,0,0,0,0,0
AL022014,                TWO,20140722,1200,  , TD,12.4N,47.2W,30,1012,0,0,0,0,0,0,0,0,0,0,0,0
AL022014,                TWO,20140722,1800,  , TD,12.8N,48.8W,30,1012,0,0,0,0,0,0,0,0,0,0,0,0
AL022014,                TWO,20140723,0,  , TD,13.2N,50.4W,30,1012,0,0,0,0,0,0,0,0,0,0,0,0
AL022014,                TWO,20140723,600,  , TD,13.7N,52.2W,30,1012,0,0,0,0,0,0,0,0,0,0,0,0
AL022014,                TWO,20140723,1200,  , TD,14.0N,55.0W,30,1012,0,0,0,0,0,0,0,0,0,0,0,0
AL032014,             BERTHA,20140729,600,  , LO,9.6N,37.1W,25,1013,0,0,0,0,0,0,0,0,0,0,0,0
AL032014,             BERTHA,20140729,1200,  , LO,9.5N,38.6W,30,1012,0,0,0,0,0,0,0,0,0,0,0,0
AL032014,             BERTHA,20140729,1800,  , LO,9.5N,40.1W,30,1012,0,0,0,0,0,0,0,0,0,0,0,0
AL032014,             BERTHA,20140730,0,  , LO,9.6N,41.5W,30,1012,0,0,0,0,0,0,0,0,0,0,0,0
AL032014,             BERTHA,20140730,600,  , LO,9.7N,43.0W,30,1012,0,0,0,0,0,0,0,0,0,0,0,0
AL032014,             BERTHA,20140730,1200,  , LO,9.8N,44.7W,30,1012,0,0,0,0,0,0,0,0,0,0,0,0
AL032014,             BERTHA,20140730,1800,  , LO,10.0N,46.4W,30,1011,0,0,0,0,0,0,0,0,0,0,0,0
AL032014,             BERTHA,20140731,0,  , LO,10.4N,48.0W,35,1010,40,40,0,40,0,0,0,0,0,0,0,0
AL032014,             BERTHA,20140731,600,  , LO,10.7N,49.7W,35,1009,40,40,0,40,0,0,0,0,0,0,0,0
AL032014,             BERTHA,20140731,1200,  , LO,11.0N,51.4W,40,1008,40,40,0,40,0,0,0,0,0,0,0,0
AL032014,             BERTHA,20140731,1800,  , LO,11.5N,53.1W,40,1007,40,40,0,40,0,0,0,0,0,0,0,0
AL032014,             BERTHA,20140801,0,  , TS,12.2N,54.6W,40,1007,40,40,0,40,0,0,0,0,0,0,0,0
AL032014,             BERTHA,20140801,600,  , TS,13.0N,56.2W,40,1007,40,40,0,40,0,0,0,0,0,0,0,0
AL032014,             BERTHA,20140801,1200,  , TS,13.8N,58.1W,45,1006,70,40,0,40,0,0,0,0,0,0,0,0
AL032014,             BERTHA,20140801,1800,  , TS,14.5N,60.3W,45,1006,100,40,0,40,0,0,0,0,0,0,0,0
AL032014,             BERTHA,20140802,0,  , TS,15.2N,62.3W,45,1007,100,30,0,40,0,0,0,0,0,0,0,0
AL032014,             BERTHA,20140802,600,  , TS,15.9N,64.1W,40,1008,100,30,0,40,0,0,0,0,0,0,0,0
AL032014,             BERTHA,20140802,1200,  , TS,16.7N,65.9W,40,1009,100,30,0,40,0,0,0,0,0,0,0,0
AL032014,             BERTHA,20140802,1800,  , TS,17.9N,67.6W,40,1010,120,40,0,40,0,0,0,0,0,0,0,0
AL032014,             BERTHA,20140803,0,  , TS,19.2N,69.0W,40,1011,140,70,0,40,0,0,0,0,0,0,0,0
AL032014,             BERTHA,20140803,600,  , TS,20.3N,70.4W,40,1012,140,100,0,50,0,0,0,0,0,0,0,0
AL032014,             BERTHA,20140803,1200,  , TS,21.4N,71.6W,40,1013,140,100,0,50,0,0,0,0,0,0,0,0
AL032014,             BERTHA,20140803,1400, L, TS,21.8N,71.9W,40,1013,140,100,0,50,0,0,0,0,0,0,0,0
AL032014,             BERTHA,20140803,1800,  , TS,22.7N,72.5W,45,1012,140,100,0,50,0,0,0,0,0,0,0,0
AL032014,             BERTHA,20140804,0,  , TS,24.1N,73.1W,55,1007,140,100,0,40,40,40,0,0,0,0,0,0
AL032014,             BERTHA,20140804,600,  , TS,25.4N,73.5W,60,1004,140,100,0,40,40,40,0,0,0,0,0,0
AL032014,             BERTHA,20140804,1200,  , HU,26.8N,73.6W,70,998,140,100,30,40,40,40,0,0,20,20,0,0
AL032014,             BERTHA,20140804,1800,  , HU,28.5N,73.6W,70,999,120,100,30,40,40,40,0,0,20,20,0,0
AL032014,             BERTHA,20140805,0,  , HU,30.5N,73.4W,65,1001,110,100,30,30,40,40,0,0,20,20,0,0
AL032014,             BERTHA,20140805,600,  , TS,32.5N,73.2W,55,1003,110,100,30,30,40,40,0,0,0,0,0,0
AL032014,             BERTHA,20140805,1200,  , TS,34.2N,72.7W,50,1005,120,100,0,0,30,0,0,0,0,0,0,0
AL032014,             BERTHA,20140805,1800,  , TS,35.5N,71.2W,45,1006,120,120,0,0,0,0,0,0,0,0,0,0
AL032014,             BERTHA,20140806,0,  , TS,36.8N,69.3W,45,1007,120,120,0,0,0,0,0,0,0,0,0,0
AL032014,             BERTHA,20140806,600,  , TS,38.1N,66.9W,45,1007,100,120,0,0,0,0,0,0,0,0,0,0
AL032014,             BERTHA,20140806,1200,  , TS,39.4N,64.1W,45,1006,100,120,0,0,0,0,0,0,0,0,0,0
AL032014,             BERTHA,20140806,1800,  , EX,40.8N,61.3W,45,1002,100,140,0,0,0,0,0,0,0,0,0,0
AL032014,             BERTHA,20140807,0,  , EX,42.1N,58.4W,50,996,30,140,60,30,0,50,0,0,0,0,0,0
AL032014,             BERTHA,20140807,600,  , EX,43.4N,55.6W,45,998,30,140,60,30,0,0,0,0,0,0,0,0
AL032014,             BERTHA,20140807,1200,  , EX,44.6N,52.5W,40,999,0,140,60,0,0,0,0,0,0,0,0,0
AL032014,             BERTHA,20140807,1800,  , EX,46.0N,49.5W,40,1000,0,140,60,0,0,0,0,0,0,0,0,0
AL032014,             BERTHA,20140808,0,  , EX,47.4N,46.6W,35,1001,0,140,0,0,0,0,0,0,0,0,0,0
AL032014,             BERTHA,20140808,600,  , EX,47.9N,43.0W,35,1001,0,140,0,0,0,0,0,0,0,0,0,0
AL032014,             BERTHA,20140808,1200,  , EX,47.5N,39.4W,35,1002,0,140,0,0,0,0,0,0,0,0,0,0
AL032014,             BERTHA,20140808,1800,  , EX,46.9N,34.9W,35,1002,0,140,0,0,0,0,0,0,0,0,0,0
AL032014,             BERTHA,20140809,0,  , EX,47.0N,29.0W,35,1003,0,140,0,0,0,0,0,0,0,0,0,0
AL032014,             BERTHA,20140809,600,  , EX,47.1N,22.0W,35,1003,0,140,0,0,0,0,0,0,0,0,0,0
AL032014,             BERTHA,20140809,1200,  , EX,47.5N,15.0W,35,1003,0,140,0,0,0,0,0,0,0,0,0,0
AL042014,          CRISTOBAL,20140823,1800,  , TD,21.5N,72.2W,30,1005,0,0,0,0,0,0,0,0,0,0,0,0
AL042014,          CRISTOBAL,20140824,0,  , TD,22.0N,72.5W,30,1004,0,0,0,0,0,0,0,0,0,0,0,0
AL042014,          CRISTOBAL,20140824,600,  , TS,22.6N,72.9W,35,1002,60,60,0,0,0,0,0,0,0,0,0,0
AL042014,          CRISTOBAL,20140824,1200,  , TS,23.3N,73.0W,40,1001,60,70,0,0,0,0,0,0,0,0,0,0
AL042014,          CRISTOBAL,20140824,1800,  , TS,24.0N,73.0W,45,1001,60,70,0,0,0,0,0,0,0,0,0,0
AL042014,          CRISTOBAL,20140825,0,  , TS,24.2N,73.0W,45,998,60,80,0,0,0,0,0,0,0,0,0,0
AL042014,          CRISTOBAL,20140825,600,  , TS,24.4N,72.9W,45,996,60,120,0,0,0,0,0,0,0,0,0,0
AL042014,          CRISTOBAL,20140825,1200,  , TS,24.7N,72.7W,50,993,60,120,0,0,0,80,0,0,0,0,0,0
AL042014,          CRISTOBAL,20140825,1800,  , TS,24.9N,72.4W,50,992,60,180,0,0,0,80,0,0,0,0,0,0
AL042014,          CRISTOBAL,20140826,0,  , HU,25.1N,72.1W,65,989,60,180,60,30,0,80,0,0,0,40,0,0
AL042014,          CRISTOBAL,20140826,600,  , HU,25.6N,72.0W,65,989,80,180,60,30,50,90,0,0,25,40,0,0
AL042014,          CRISTOBAL,20140826,1200,  , HU,26.7N,71.8W,65,988,80,180,60,30,50,90,0,0,25,40,0,0
AL042014,          CRISTOBAL,20140826,1800,  , HU,28.1N,71.4W,65,987,180,210,60,60,50,120,0,0,25,50,0,0
AL042014,          CRISTOBAL,20140827,0,  , HU,29.5N,71.5W,70,983,180,210,60,100,90,120,20,20,50,50,10,0
AL042014,          CRISTOBAL,20140827,600,  , HU,30.6N,72.0W,70,983,180,180,60,100,90,100,20,20,50,50,10,0
AL042014,          CRISTOBAL,20140827,1200,  , HU,31.6N,72.2W,70,983,180,180,60,100,90,100,20,20,50,50,10,0
AL042014,          CRISTOBAL,20140827,1800,  , HU,32.3N,71.8W,65,984,180,180,60,70,90,100,30,30,40,50,20,20
AL042014,          CRISTOBAL,20140828,0,  , HU,33.5N,70.7W,65,984,180,180,60,70,90,100,30,30,40,50,20,20
AL042014,          CRISTOBAL,20140828,600,  , HU,34.8N,69.0W,65,982,180,180,60,70,90,100,30,30,40,50,20,20
AL042014,          CRISTOBAL,20140828,1200,  , HU,36.3N,67.1W,70,979,180,180,60,70,90,100,30,30,40,50,20,20
AL042014,          CRISTOBAL,20140828,1800,  , HU,37.5N,63.6W,75,971,180,220,110,60,90,100,40,30,30,50,20,20
AL042014,          CRISTOBAL,20140829,0,  , HU,39.1N,58.8W,75,965,180,220,220,60,90,100,80,40,30,60,20,20
AL042014,          CRISTOBAL,20140829,600,  , HU,41.2N,53.9W,70,967,190,240,220,70,90,120,80,40,40,60,30,0
AL042014,          CRISTOBAL,20140829,1200,  , EX,44.2N,49.0W,65,970,200,270,220,180,100,140,100,70,50,70,40,0
AL042014,          CRISTOBAL,20140829,1800,  , EX,46.7N,45.9W,65,972,200,270,240,200,100,140,100,80,50,70,40,0
AL042014,          CRISTOBAL,20140830,0,  , EX,48.6N,42.8W,65,974,200,270,270,200,100,140,110,100,50,70,40,0
AL042014,          CRISTOBAL,20140830,600,  , EX,49.9N,39.5W,65,974,200,270,270,200,100,140,110,100,50,70,40,0
AL042014,          CRISTOBAL,20140830,1200,  , EX,51.3N,36.2W,60,971,200,300,360,200,100,140,100,80,0,0,0,0
AL042014,          CRISTOBAL,20140830,1800,  , EX,54.0N,32.0W,60,971,240,300,360,200,100,140,100,80,0,0,0,0
AL042014,          CRISTOBAL,20140831,0,  , EX,58.0N,28.9W,60,971,240,300,360,200,100,140,100,80,0,0,0,0
AL042014,          CRISTOBAL,20140831,600,  , EX,61.0N,27.0W,60,963,200,270,240,200,100,140,100,80,0,0,0,0
AL042014,          CRISTOBAL,20140831,1200,  , EX,62.0N,26.0W,60,964,200,270,240,200,100,140,100,80,0,0,0,0
AL042014,          CRISTOBAL,20140831,1800,  , EX,63.0N,24.5W,55,968,200,270,240,200,100,140,100,80,0,0,0,0
AL042014,          CRISTOBAL,20140901,0,  , EX,64.0N,22.0W,50,974,200,270,240,200,100,140,100,80,0,0,0,0
AL042014,          CRISTOBAL,20140901,600,  , EX,65.0N,19.5W,50,978,200,270,240,200,100,140,100,80,0,0,0,0
AL042014,          CRISTOBAL,20140901,1200,  , EX,66.0N,17.0W,45,980,0,200,200,200,0,0,0,0,0,0,0,0
AL042014,          CRISTOBAL,20140901,1800,  , EX,67.0N,15.4W,45,982,0,200,200,200,0,0,0,0,0,0,0,0
AL042014,          CRISTOBAL,20140902,0,  , EX,68.0N,15.0W,40,984,0,200,200,200,0,0,0,0,0,0,0,0
AL042014,          CRISTOBAL,20140902,600,  , EX,69.0N,15.0W,35,985,0,200,200,200,0,0,0,0,0,0,0,0
AL052014,              DOLLY,20140901,1200,  , LO,19.2N,92.3W,25,1009,0,0,0,0,0,0,0,0,0,0,0,0
AL052014,              DOLLY,20140901,1800,  , TD,20.0N,93.2W,30,1009,0,0,0,0,0,0,0,0,0,0,0,0
AL052014,              DOLLY,20140902,0,  , TS,21.3N,93.4W,35,1007,50,70,0,0,0,0,0,0,0,0,0,0
AL052014,              DOLLY,20140902,600,  , TS,22.3N,94.3W,40,1005,70,100,0,0,0,0,0,0,0,0,0,0
AL052014,              DOLLY,20140902,1200,  , TS,22.8N,95.6W,45,1005,70,100,0,0,0,0,0,0,0,0,0,0
AL052014,              DOLLY,20140902,1800,  , TS,22.2N,96.7W,40,1003,120,100,0,0,0,0,0,0,0,0,0,0
AL052014,              DOLLY,20140903,0,  , TS,22.0N,97.3W,40,1001,120,100,0,0,0,0,0,0,0,0,0,0
AL052014,              DOLLY,20140903,100, P, TS,22.0N,97.4W,40,1000,120,100,0,0,0,0,0,0,0,0,0,0
AL052014,              DOLLY,20140903,400, L, TS,22.0N,97.7W,40,1002,120,100,0,0,0,0,0,0,0,0,0,0
AL052014,              DOLLY,20140903,600,  , TS,21.9N,98.0W,35,1004,120,0,0,0,0,0,0,0,0,0,0,0
AL052014,              DOLLY,20140903,1200,  , LO,21.8N,98.8W,25,1005,0,0,0,0,0,0,0,0,0,0,0,0
AL052014,              DOLLY,20140903,1800,  , LO,21.7N,99.8W,20,1005,0,0,0,0,0,0,0,0,0,0,0,0
AL052014,              DOLLY,20140904,0,  , LO,21.6N,101.0W,15,1002,0,0,0,0,0,0,0,0,0,0,0,0
AL062014,            EDOUARD,20140910,1800,  , LO,13.7N,33.2W,25,1009,0,0,0,0,0,0,0,0,0,0,0,0
AL062014,            EDOUARD,20140911,0,  , LO,14.2N,34.4W,25,1009,0,0,0,0,0,0,0,0,0,0,0,0
AL062014,            EDOUARD,20140911,600,  , LO,14.9N,35.5W,25,1009,0,0,0,0,0,0,0,0,0,0,0,0
AL062014,            EDOUARD,20140911,1200,  , TD,15.8N,36.5W,30,1008,0,0,0,0,0,0,0,0,0,0,0,0
AL062014,            EDOUARD,20140911,1800,  , TD,16.5N,37.7W,30,1007,0,0,0,0,0,0,0,0,0,0,0,0
AL062014,            EDOUARD,20140912,0,  , TS,17.2N,39.2W,35,1006,40,0,0,0,0,0,0,0,0,0,0,0
AL062014,            EDOUARD,20140912,600,  , TS,17.7N,40.8W,35,1005,60,0,0,0,0,0,0,0,0,0,0,0
AL062014,            EDOUARD,20140912,1200,  , TS,18.3N,42.3W,40,1000,60,0,0,0,0,0,0,0,0,0,0,0
AL062014,            EDOUARD,20140912,1800,  , TS,18.9N,43.6W,40,999,60,0,0,50,0,0,0,0,0,0,0,0
AL062014,            EDOUARD,20140913,0,  , TS,19.6N,44.8W,40,998,60,0,0,50,0,0,0,0,0,0,0,0
AL062014,            EDOUARD,20140913,600,  , TS,20.4N,45.7W,45,997,60,0,0,60,0,0,0,0,0,0,0,0
AL062014,            EDOUARD,20140913,1200,  , TS,21.4N,46.4W,45,996,60,0,0,60,0,0,0,0,0,0,0,0
AL062014,            EDOUARD,20140913,1800,  , TS,22.3N,47.0W,50,995,60,0,0,60,20,0,0,0,0,0,0,0
AL062014,            EDOUARD,20140914,0,  , TS,23.0N,47.9W,55,994,90,90,30,80,30,0,0,30,0,0,0,0
AL062014,            EDOUARD,20140914,600,  , TS,23.7N,49.0W,60,991,120,120,60,100,40,30,0,40,0,0,0,0
AL062014,            EDOUARD,20140914,1200,  , HU,24.4N,50.3W,70,985,120,120,60,100,40,40,30,40,15,15,0,15
AL062014,            EDOUARD,20140914,1800,  , HU,25.1N,51.5W,75,980,120,120,60,100,50,40,30,40,15,15,0,15
AL062014,            EDOUARD,20140915,0,  , HU,25.8N,52.7W,80,975,120,120,60,100,50,40,30,40,20,15,0,15
AL062014,            EDOUARD,20140915,600,  , HU,26.5N,54.0W,85,970,150,100,80,150,60,50,40,50,30,20,10,20
AL062014,            EDOUARD,20140915,1200,  , HU,27.0N,55.1W,90,966,150,100,80,150,60,60,50,60,30,20,10,20
AL062014,            EDOUARD,20140915,1800,  , HU,27.7N,56.1W,95,962,150,130,130,150,70,60,60,70,40,30,20,30
AL062014,            EDOUARD,20140916,0,  , HU,28.5N,56.7W,95,960,150,130,130,150,80,60,60,80,40,30,30,40
AL062014,            EDOUARD,20140916,600,  , HU,29.5N,57.3W,100,956,150,130,130,150,80,70,60,80,40,40,30,40
AL062014,            EDOUARD,20140916,1200,  , HU,30.6N,57.8W,105,955,150,130,130,150,80,80,70,80,40,50,40,40
AL062014,            EDOUARD,20140916,1800,  , HU,31.7N,57.7W,95,958,160,150,130,120,90,90,80,60,40,60,50,30
AL062014,            EDOUARD,20140917,0,  , HU,32.9N,57.0W,85,959,150,160,130,130,90,100,80,60,40,70,60,20
AL062014,            EDOUARD,20140917,600,  , HU,34.3N,56.0W,85,958,150,180,140,90,90,110,90,40,40,70,60,0
AL062014,            EDOUARD,20140917,1200,  , HU,35.7N,54.5W,80,957,150,180,140,90,90,120,90,40,40,70,60,0
AL062014,            EDOUARD,20140917,1800,  , HU,37.2N,52.4W,80,955,150,200,150,90,80,120,100,50,40,70,50,0
AL062014,            EDOUARD,20140918,0,  , HU,38.3N,49.5W,75,958,150,200,150,90,80,120,100,50,40,70,50,0
AL062014,            EDOUARD,20140918,600,  , HU,39.3N,46.7W,70,964,130,200,180,90,80,120,100,50,30,70,50,0
AL062014,            EDOUARD,20140918,1200,  , HU,39.9N,44.1W,70,969,110,200,180,80,80,120,90,50,20,70,70,0
AL062014,            EDOUARD,20140918,1800,  , HU,39.9N,42.1W,65,973,110,200,180,80,70,120,90,50,20,70,70,0
AL062014,            EDOUARD,20140919,0,  , TS,39.9N,40.1W,60,980,110,200,180,80,60,110,90,40,0,0,0,0
AL062014,            EDOUARD,20140919,600,  , TS,39.9N,38.9W,55,988,90,160,150,70,50,100,80,0,0,0,0,0
AL062014,            EDOUARD,20140919,1200,  , TS,39.5N,38.1W,45,994,0,100,80,0,0,0,0,0,0,0,0,0
AL062014,            EDOUARD,20140919,1800,  , LO,39.5N,37.4W,40,1001,0,100,80,0,0,0,0,0,0,0,0,0
AL062014,            EDOUARD,20140920,0,  , LO,39.4N,36.6W,35,1004,0,100,80,0,0,0,0,0,0,0,0,0
AL062014,            EDOUARD,20140920,600,  , LO,39.3N,35.7W,30,1006,0,0,0,0,0,0,0,0,0,0,0,0
AL062014,            EDOUARD,20140920,1200,  , LO,39.1N,34.4W,30,1008,0,0,0,0,0,0,0,0,0,0,0,0
AL062014,            EDOUARD,20140920,1800,  , LO,38.8N,33.0W,25,1010,0,0,0,0,0,0,0,0,0,0,0,0
AL062014,            EDOUARD,20140921,0,  , LO,38.1N,31.8W,25,1012,0,0,0,0,0,0,0,0,0,0,0,0
AL062014,            EDOUARD,20140921,600,  , LO,37.1N,30.9W,25,1013,0,0,0,0,0,0,0,0,0,0,0,0
AL062014,            EDOUARD,20140921,1200,  , LO,36.1N,30.2W,25,1014,0,0,0,0,0,0,0,0,0,0,0,0
AL062014,            EDOUARD,20140921,1800,  , LO,35.1N,30.2W,25,1014,0,0,0,0,0,0,0,0,0,0,0,0
AL062014,            EDOUARD,20140922,0,  , LO,34.2N,30.4W,25,1015,0,0,0,0,0,0,0,0,0,0,0,0
AL062014,            EDOUARD,20140922,600,  , LO,33.4N,30.7W,25,1015,0,0,0,0,0,0,0,0,0,0,0,0
AL072014,                FAY,20141010,0,  , LO,22.0N,61.2W,35,1007,120,0,0,120,0,0,0,0,0,0,0,0
AL072014,                FAY,20141010,600,  , SS,22.7N,62.4W,35,1006,120,0,0,120,0,0,0,0,0,0,0,0
AL072014,                FAY,20141010,1200,  , SS,23.5N,63.3W,35,1005,120,0,0,120,0,0,0,0,0,0,0,0
AL072014,                FAY,20141010,1800,  , SS,24.3N,64.0W,40,1003,120,0,0,120,0,0,0,0,0,0,0,0
AL072014,                FAY,20141011,0,  , SS,25.1N,64.5W,50,999,120,40,40,120,0,0,0,50,0,0,0,0
AL072014,                FAY,20141011,600,  , TS,26.0N,65.0W,55,994,120,40,40,120,0,0,0,50,0,0,0,0
AL072014,                FAY,20141011,1200,  , TS,27.2N,65.3W,60,990,120,80,80,120,50,50,20,50,0,0,0,0
AL072014,                FAY,20141011,1800,  , TS,28.7N,65.4W,60,988,150,140,120,120,50,50,20,50,0,0,0,0
AL072014,                FAY,20141012,0,  , TS,30.2N,65.2W,60,987,150,140,120,120,50,50,60,50,0,0,0,0
AL072014,                FAY,20141012,600,  , HU,31.7N,64.9W,65,985,150,150,120,120,50,60,60,60,0,20,20,0
AL072014,                FAY,20141012,810, L, HU,32.3N,64.7W,70,984,150,150,120,120,50,60,60,60,0,20,20,0
AL072014,                FAY,20141012,1200,  , HU,33.1N,63.9W,70,983,150,150,120,120,50,60,60,60,0,20,20,0
AL072014,                FAY,20141012,1800,  , TS,33.6N,61.9W,60,986,150,150,120,150,50,60,60,60,0,0,0,0
AL072014,                FAY,20141013,0,  , TS,33.9N,59.0W,50,990,150,150,120,150,50,60,60,60,0,0,0,0
AL082014,            GONZALO,20141011,1800,  , LO,16.4N,54.9W,25,1010,0,0,0,0,0,0,0,0,0,0,0,0
AL082014,            GONZALO,20141012,0,  , TD,16.4N,55.9W,30,1010,0,0,0,0,0,0,0,0,0,0,0,0
AL082014,            GONZALO,20141012,600,  , TD,16.4N,56.9W,30,1008,0,0,0,0,0,0,0,0,0,0,0,0
AL082014,            GONZALO,20141012,1200,  , TS,16.4N,57.9W,35,1006,50,40,0,50,0,0,0,0,0,0,0,0
AL082014,            GONZALO,20141012,1800,  , TS,16.4N,58.8W,40,1004,50,40,0,50,0,0,0,0,0,0,0,0
AL082014,            GONZALO,20141013,0,  , TS,16.5N,59.7W,45,1001,50,40,0,50,0,0,0,0,0,0,0,0
AL082014,            GONZALO,20141013,600,  , TS,16.7N,60.6W,55,996,60,40,20,60,30,0,0,30,0,0,0,0
AL082014,            GONZALO,20141013,1200,  , HU,17.0N,61.5W,65,992,80,50,30,80,30,20,20,30,15,0,0,15
AL082014,            GONZALO,20141013,1430, L, HU,17.1N,61.8W,65,990,80,50,30,80,30,20,20,30,15,0,0,15
AL082014,            GONZALO,20141013,1800,  , HU,17.6N,62.4W,70,988,90,60,40,90,30,20,20,30,15,10,0,15
AL082014,            GONZALO,20141013,2245, L, HU,18.1N,63.0W,75,984,90,60,40,90,30,20,20,30,15,10,0,15
AL082014,            GONZALO,20141013,2315, L, HU,18.2N,63.1W,75,984,90,60,40,90,30,20,20,30,15,10,0,15
AL082014,            GONZALO,20141014,0,  , HU,18.3N,63.2W,80,983,90,60,50,90,30,30,20,30,20,10,10,20
AL082014,            GONZALO,20141014,600,  , HU,19.1N,64.0W,90,976,90,60,50,90,30,30,30,30,20,15,10,20
AL082014,            GONZALO,20141014,1200,  , HU,19.9N,64.8W,95,973,90,60,50,90,30,30,30,30,20,15,10,20
AL082014,            GONZALO,20141014,1800,  , HU,20.8N,65.5W,100,968,90,60,50,90,30,30,30,30,20,15,10,20
AL082014,            GONZALO,20141015,0,  , HU,21.7N,66.2W,115,956,100,60,70,100,30,30,30,40,20,15,15,20
AL082014,            GONZALO,20141015,600,  , HU,22.5N,67.0W,115,953,100,60,70,100,30,30,30,40,20,20,15,20
AL082014,            GONZALO,20141015,1200,  , HU,23.1N,67.7W,115,949,110,80,80,110,50,40,30,40,30,25,15,20
AL082014,            GONZALO,20141015,1800,  , HU,23.8N,68.3W,110,953,110,80,80,110,50,40,30,40,30,25,20,20
AL082014,            GONZALO,20141016,0,  , HU,24.4N,68.6W,110,953,110,90,90,110,60,50,40,50,35,30,25,25
AL082014,            GONZALO,20141016,600,  , HU,25.0N,68.7W,115,948,120,110,90,110,60,50,50,50,35,30,25,25
AL082014,            GONZALO,20141016,1200,  , HU,25.6N,68.7W,125,940,130,130,90,110,70,70,50,50,40,40,25,35
AL082014,            GONZALO,20141016,1800,  , HU,26.5N,68.3W,125,942,130,130,90,110,70,70,50,50,40,40,30,35
AL082014,            GONZALO,20141017,0,  , HU,27.4N,67.8W,120,942,140,150,110,110,80,80,60,60,50,50,35,35
AL082014,            GONZALO,20141017,600,  , HU,28.6N,67.2W,115,945,140,150,110,110,80,80,60,60,50,50,35,35
AL082014,            GONZALO,20141017,1200,  , HU,29.8N,66.5W,110,947,140,150,110,110,80,80,60,60,50,50,50,40
AL082014,            GONZALO,20141017,1800,  , HU,31.0N,65.7W,105,949,140,150,110,110,80,80,60,60,50,50,50,40
AL082014,            GONZALO,20141018,0,  , HU,32.2N,64.9W,95,952,140,150,110,110,80,80,60,60,50,50,50,40
AL082014,            GONZALO,20141018,30, L, HU,32.3N,64.8W,95,952,140,150,110,110,80,80,60,60,50,50,50,40
AL082014,            GONZALO,20141018,600,  , HU,33.7N,63.9W,90,955,140,150,110,110,80,80,60,60,50,50,50,40
AL082014,            GONZALO,20141018,1200,  , HU,35.6N,62.6W,85,960,150,180,140,100,90,100,80,70,60,60,50,40
AL082014,            GONZALO,20141018,1800,  , HU,38.2N,60.9W,85,964,180,220,160,100,120,120,80,70,60,80,50,40
AL082014,            GONZALO,20141019,0,  , HU,41.2N,58.3W,85,965,180,270,180,90,120,160,90,60,70,100,50,0
AL082014,            GONZALO,20141019,600,  , HU,44.5N,54.8W,80,968,180,270,180,90,120,160,90,40,70,100,50,0
AL082014,            GONZALO,20141019,1200,  , HU,47.8N,50.1W,70,970,180,270,180,90,120,160,90,40,70,100,50,0
AL082014,            GONZALO,20141019,1800,  , EX,50.6N,44.8W,65,976,180,270,240,80,120,160,90,40,70,100,50,0
AL082014,            GONZALO,20141020,0,  , EX,52.6N,38.3W,55,982,180,320,300,0,90,200,0,0,0,0,0,0
AL082014,            GONZALO,20141020,600,  , EX,53.9N,30.9W,50,988,180,320,300,0,60,200,0,0,0,0,0,0
AL092014,              HANNA,20141021,0,  , LO,19.5N,95.3W,25,1002,0,0,0,0,0,0,0,0,0,0,0,0
AL092014,              HANNA,20141021,600,  , LO,19.5N,94.8W,25,1002,0,0,0,0,0,0,0,0,0,0,0,0
AL092014,              HANNA,20141021,1200,  , LO,19.5N,94.2W,25,1001,0,0,0,0,0,0,0,0,0,0,0,0
AL092014,              HANNA,20141021,1800,  , LO,19.5N,93.7W,30,1000,0,0,0,0,0,0,0,0,0,0,0,0
AL092014,              HANNA,20141022,0,  , TD,19.5N,93.3W,30,1000,0,0,0,0,0,0,0,0,0,0,0,0
AL092014,              HANNA,20141022,600,  , TD,19.5N,92.9W,30,1001,0,0,0,0,0,0,0,0,0,0,0,0
AL092014,              HANNA,20141022,1200,  , TD,19.4N,92.4W,30,1002,0,0,0,0,0,0,0,0,0,0,0,0
AL092014,              HANNA,20141022,1800,  , TD,19.3N,91.9W,30,1003,0,0,0,0,0,0,0,0,0,0,0,0
AL092014,              HANNA,20141023,0,  , LO,19.2N,91.3W,25,1004,0,0,0,0,0,0,0,0,0,0,0,0
AL092014,              HANNA,20141023,600,  , LO,18.9N,90.8W,20,1005,0,0,0,0,0,0,0,0,0,0,0,0
AL092014,              HANNA,20141023,1200,  , LO,18.6N,90.5W,20,1006,0,0,0,0,0,0,0,0,0,0,0,0
AL092014,              HANNA,20141023,1800,  , LO,18.2N,90.0W,20,1007,0,0,0,0,0,0,0,0,0,0,0,0
AL092014,              HANNA,20141024,0,  , LO,17.9N,89.4W,20,1008,0,0,0,0,0,0,0,0,0,0,0,0
AL092014,              HANNA,20141024,600,  , LO,18.1N,88.5W,20,1008,0,0,0,0,0,0,0,0,0,0,0,0
AL092014,              HANNA,20141024,1200,  , LO,18.4N,87.7W,20,1008,0,0,0,0,0,0,0,0,0,0,0,0
AL092014,              HANNA,20141024,1800,  , LO,18.8N,87.0W,20,1008,0,0,0,0,0,0,0,0,0,0,0,0
AL092014,              HANNA,20141025,0,  , DB,19.0N,86.2W,20,1008,0,0,0,0,0,0,0,0,0,0,0,0
AL092014,              HANNA,20141025,600,  , DB,18.8N,85.3W,20,1008,0,0,0,0,0,0,0,0,0,0,0,0
AL092014,              HANNA,20141025,1200,  , DB,18.3N,84.5W,25,1008,0,0,0,0,0,0,0,0,0,0,0,0
AL092014,              HANNA,20141025,1800,  , DB,17.7N,83.7W,25,1008,0,0,0,0,0,0,0,0,0,0,0,0
AL092014,              HANNA,20141026,0,  , DB,17.1N,82.9W,25,1007,0,0,0,0,0,0,0,0,0,0,0,0
AL092014,              HANNA,20141026,600,  , DB,16.5N,82.2W,25,1007,0,0,0,0,0,0,0,0,0,0,0,0
AL092014,              HANNA,20141026,1200,  , LO,16.0N,81.8W,30,1006,0,0,0,0,0,0,0,0,0,0,0,0
AL092014,              HANNA,20141026,1800,  , LO,15.5N,81.8W,30,1006,0,0,0,0,0,0,0,0,0,0,0,0
AL092014,              HANNA,20141027,0,  , TD,15.1N,82.0W,30,1006,0,0,0,0,0,0,0,0,0,0,0,0
AL092014,              HANNA,20141027,600,  , TS,15.0N,82.4W,35,1005,0,0,60,70,0,0,0,0,0,0,0,0
AL092014,              HANNA,20141027,1200,  , TS,14.9N,83.0W,35,1005,0,0,60,70,0,0,0,0,0,0,0,0
AL092014,              HANNA,20141027,1600, L, TS,14.9N,83.3W,35,1005,0,0,0,70,0,0,0,0,0,0,0,0
AL092014,              HANNA,20141027,1800,  , TD,14.9N,83.5W,30,1006,0,0,0,0,0,0,0,0,0,0,0,0
AL092014,              HANNA,20141028,0,  , TD,15.0N,84.3W,30,1007,0,0,0,0,0,0,0,0,0,0,0,0
AL092014,              HANNA,20141028,600,  , LO,15.4N,85.2W,25,1008,0,0,0,0,0,0,0,0,0,0,0,0
AL092014,              HANNA,20141028,1200,  , LO,15.9N,85.9W,20,1009,0,0,0,0,0,0,0,0,0,0,0,0
AL092014,              HANNA,20141028,1800,  , LO,16.5N,86.7W,20,1010,0,0,0,0,0,0,0,0,0,0,0,0
AL092014,              HANNA,20141029,0,  , LO,16.8N,87.6W,20,1010,0,0,0,0,0,0,0,0,0,0,0,0
AL092014,              HANNA,20141029,600,  , LO,16.9N,88.6W,20,1011,0,0,0,0,0,0,0,0,0,0,0,0
AL092014,              HANNA,20141029,1200,  , LO,16.9N,89.6W,20,1011,0,0,0,0,0,0,0,0,0,0,0,0
AL092014,              HANNA,20141029,1800,  , LO,16.8N,90.5W,15,1012,0,0,0,0,0,0,0,0,0,0,0,0
AL012015,                ANA,20150506,600,  , LO,26.8N,79.2W,25,1016,0,0,0,0,0,0,0,0,0,0,0,0
AL012015,                ANA,20150506,1200,  , LO,28.2N,78.5W,25,1015,0,0,0,0,0,0,0,0,0,0,0,0
AL012015,                ANA,20150506,1800,  , LO,29.7N,77.8W,25,1014,0,0,0,0,0,0,0,0,0,0,0,0
AL012015,                ANA,20150507,0,  , LO,30.8N,77.5W,30,1012,0,0,0,0,0,0,0,0,0,0,0,0
AL012015,                ANA,20150507,600,  , LO,30.7N,77.8W,35,1010,0,0,0,100,0,0,0,0,0,0,0,0
AL012015,                ANA,20150507,1200,  , LO,30.6N,77.5W,40,1008,130,0,80,140,0,0,0,0,0,0,0,0
AL012015,                ANA,20150507,1800,  , LO,31.2N,77.5W,40,1005,140,80,80,140,0,0,0,0,0,0,0,0
AL012015,                ANA,20150508,0,  , SS,31.4N,77.6W,40,1003,140,80,80,120,0,0,0,0,0,0,0,0
AL012015,                ANA,20150508,600,  , SS,31.5N,77.6W,40,1002,140,80,80,120,0,0,0,0,0,0,0,0
AL012015,                ANA,20150508,1200,  , SS,31.5N,77.5W,40,1000,130,100,80,100,0,0,0,0,0,0,0,0
AL012015,                ANA,20150508,1800,  , SS,31.6N,77.4W,45,999,100,100,80,100,0,0,0,0,0,0,0,0
AL012015,                ANA,20150509,0,  , SS,31.9N,77.3W,50,998,100,120,80,100,80,0,0,0,0,0,0,0
AL012015,                ANA,20150509,600,  , TS,32.2N,77.5W,50,998,100,110,80,90,70,0,0,0,0,0,0,0
AL012015,                ANA,20150509,1200,  , TS,32.5N,77.8W,50,1001,100,110,80,90,50,50,0,0,0,0,0,0
AL012015,                ANA,20150509,1800,  , TS,32.7N,78.0W,45,1001,100,110,70,90,0,0,0,0,0,0,0,0
AL012015,                ANA,20150510,0,  , TS,33.1N,78.3W,45,1001,90,110,60,50,0,0,0,0,0,0,0,0
AL012015,                ANA,20150510,600,  , TS,33.5N,78.6W,40,1002,80,110,60,40,0,0,0,0,0,0,0,0
AL012015,                ANA,20150510,1000, L, TS,33.8N,78.8W,40,1002,70,110,60,40,0,0,0,0,0,0,0,0
AL012015,                ANA,20150510,1200,  , TS,33.9N,78.8W,35,1002,70,110,60,20,0,0,0,0,0,0,0,0
AL012015,                ANA,20150510,1800,  , TD,34.3N,78.7W,30,1006,0,0,0,0,0,0,0,0,0,0,0,0
AL012015,                ANA,20150511,0,  , TD,34.7N,78.5W,30,1009,0,0,0,0,0,0,0,0,0,0,0,0
AL012015,                ANA,20150511,600,  , TD,35.5N,78.0W,30,1010,0,0,0,0,0,0,0,0,0,0,0,0
AL012015,                ANA,20150511,1200,  , TD,36.2N,77.3W,30,1012,0,0,0,0,0,0,0,0,0,0,0,0
AL012015,                ANA,20150511,1800,  , TD,37.0N,76.3W,30,1012,0,0,0,0,0,0,0,0,0,0,0,0
AL012015,                ANA,20150512,0,  , LO,38.1N,75.1W,30,1012,0,0,0,0,0,0,0,0,0,0,0,0
AL012015,                ANA,20150512,600,  , LO,39.3N,73.1W,25,1011,0,0,0,0,0,0,0,0,0,0,0,0
AL012015,                ANA,20150512,1200,  , LO,40.8N,70.7W,25,1009,0,0,0,0,0,0,0,0,0,0,0,0
AL012015,                ANA,20150512,1800,  , LO,43.0N,67.0W,25,1005,0,0,0,0,0,0,0,0,0,0,0,0
AL022015,               BILL,20150616,0,  , TS,27.0N,94.3W,45,1005,140,130,0,0,0,0,0,0,0,0,0,0
AL022015,               BILL,20150616,600,  , TS,27.6N,95.2W,45,1001,130,130,0,0,0,0,0,0,0,0,0,0
AL022015,               BILL,20150616,1200,  , TS,28.0N,96.0W,50,997,130,130,0,30,20,20,0,0,0,0,0,0
AL022015,               BILL,20150616,1645, L, TS,28.2N,96.7W,50,997,130,130,0,30,20,20,0,0,0,0,0,0
AL022015,               BILL,20150616,1800,  , TS,28.2N,96.7W,50,997,130,130,0,30,20,20,0,0,0,0,0,0
AL022015,               BILL,20150617,0,  , TS,29.1N,96.9W,40,998,0,130,0,0,0,0,0,0,0,0,0,0
AL022015,               BILL,20150617,600,  , TD,30.3N,97.1W,30,999,0,0,0,0,0,0,0,0,0,0,0,0
AL022015,               BILL,20150617,1200,  , TD,31.7N,97.4W,30,999,0,0,0,0,0,0,0,0,0,0,0,0
AL022015,               BILL,20150617,1800,  , TD,32.6N,97.5W,25,999,0,0,0,0,0,0,0,0,0,0,0,0
AL022015,               BILL,20150618,0,  , TD,33.5N,97.3W,25,1000,0,0,0,0,0,0,0,0,0,0,0,0
AL022015,               BILL,20150618,600,  , TD,34.2N,96.9W,25,1002,0,0,0,0,0,0,0,0,0,0,0,0
AL022015,               BILL,20150618,1200,  , TD,34.8N,96.3W,20,1003,0,0,0,0,0,0,0,0,0,0,0,0
AL022015,               BILL,20150618,1800,  , LO,35.2N,95.5W,15,1004,0,0,0,0,0,0,0,0,0,0,0,0
AL022015,               BILL,20150619,0,  , LO,35.6N,94.5W,15,1005,0,0,0,0,0,0,0,0,0,0,0,0
AL022015,               BILL,20150619,600,  , LO,35.9N,93.5W,15,1006,0,0,0,0,0,0,0,0,0,0,0,0
AL022015,               BILL,20150619,1200,  , LO,36.3N,92.3W,15,1006,0,0,0,0,0,0,0,0,0,0,0,0
AL022015,               BILL,20150619,1800,  , LO,36.9N,90.9W,20,1005,0,0,0,0,0,0,0,0,0,0,0,0
AL022015,               BILL,20150620,0,  , LO,37.4N,89.4W,20,1004,0,0,0,0,0,0,0,0,0,0,0,0
AL022015,               BILL,20150620,600,  , LO,37.8N,87.8W,15,1002,0,0,0,0,0,0,0,0,0,0,0,0
AL022015,               BILL,20150620,1200,  , LO,38.2N,85.8W,15,1001,0,0,0,0,0,0,0,0,0,0,0,0
AL022015,               BILL,20150620,1800,  , LO,38.5N,83.7W,15,1003,0,0,0,0,0,0,0,0,0,0,0,0
AL022015,               BILL,20150621,0,  , LO,38.9N,81.3W,15,1006,0,0,0,0,0,0,0,0,0,0,0,0
AL032015,          CLAUDETTE,20150712,0,  , LO,35.4N,75.4W,25,1010,0,0,0,0,0,0,0,0,0,0,0,0
AL032015,          CLAUDETTE,20150712,600,  , LO,35.3N,74.6W,25,1010,0,0,0,0,0,0,0,0,0,0,0,0
AL032015,          CLAUDETTE,20150712,1200,  , LO,35.2N,73.6W,25,1010,0,0,0,0,0,0,0,0,0,0,0,0
AL032015,          CLAUDETTE,20150712,1800,  , LO,35.3N,72.8W,25,1010,0,0,0,0,0,0,0,0,0,0,0,0
AL032015,          CLAUDETTE,20150713,0,  , LO,35.5N,72.2W,25,1010,0,0,0,0,0,0,0,0,0,0,0,0
AL032015,          CLAUDETTE,20150713,600,  , TD,36.0N,71.1W,30,1008,0,0,0,0,0,0,0,0,0,0,0,0
AL032015,          CLAUDETTE,20150713,1200,  , TS,36.8N,69.4W,40,1005,60,50,20,30,0,0,0,0,0,0,0,0
AL032015,          CLAUDETTE,20150713,1800,  , TS,37.6N,67.5W,45,1003,60,50,20,30,0,0,0,0,0,0,0,0
AL032015,          CLAUDETTE,20150714,0,  , TS,38.4N,65.7W,45,1004,60,50,20,30,0,0,0,0,0,0,0,0
AL032015,          CLAUDETTE,20150714,600,  , TS,39.4N,64.1W,45,1004,60,60,40,20,0,0,0,0,0,0,0,0
AL032015,          CLAUDETTE,20150714,1200,  , TS,40.7N,62.0W,45,1004,60,70,60,0,0,0,0,0,0,0,0,0
AL032015,          CLAUDETTE,20150714,1800,  , TS,42.0N,60.0W,40,1004,60,70,60,0,0,0,0,0,0,0,0,0
AL032015,          CLAUDETTE,20150715,0,  , LO,43.5N,58.2W,35,1004,60,70,60,0,0,0,0,0,0,0,0,0
AL032015,          CLAUDETTE,20150715,600,  , LO,45.0N,56.9W,30,1004,0,0,0,0,0,0,0,0,0,0,0,0
AL032015,          CLAUDETTE,20150715,1200,  , LO,46.0N,55.9W,30,1004,0,0,0,0,0,0,0,0,0,0,0,0
AL042015,              DANNY,20150817,0,  , LO,9.6N,29.3W,25,1011,0,0,0,0,0,0,0,0,0,0,0,0
AL042015,              DANNY,20150817,600,  , LO,9.6N,30.4W,25,1011,0,0,0,0,0,0,0,0,0,0,0,0
AL042015,              DANNY,20150817,1200,  , LO,9.7N,31.5W,25,1011,0,0,0,0,0,0,0,0,0,0,0,0
AL042015,              DANNY,20150817,1800,  , LO,10.0N,32.6W,25,1010,0,0,0,0,0,0,0,0,0,0,0,0
AL042015,              DANNY,20150818,0,  , LO,10.3N,33.7W,25,1010,0,0,0,0,0,0,0,0,0,0,0,0
AL042015,              DANNY,20150818,600,  , TD,10.4N,34.8W,30,1009,0,0,0,0,0,0,0,0,0,0,0,0
AL042015,              DANNY,20150818,1200,  , TS,10.5N,35.9W,35,1008,40,0,0,40,0,0,0,0,0,0,0,0
AL042015,              DANNY,20150818,1800,  , TS,10.7N,37.1W,40,1006,40,30,0,40,0,0,0,0,0,0,0,0
AL042015,              DANNY,20150819,0,  , TS,10.9N,38.4W,45,1005,50,30,0,40,0,0,0,0,0,0,0,0
AL042015,              DANNY,20150819,600,  , TS,11.0N,39.5W,45,1003,50,30,0,40,0,0,0,0,0,0,0,0
AL042015,              DANNY,20150819,1200,  , TS,11.2N,40.6W,45,1002,50,30,30,40,0,0,0,0,0,0,0,0
AL042015,              DANNY,20150819,1800,  , TS,11.5N,41.5W,50,1001,50,30,20,40,20,0,0,0,0,0,0,0
AL042015,              DANNY,20150820,0,  , TS,11.7N,42.5W,55,1000,50,30,20,40,20,0,0,20,0,0,0,0
AL042015,              DANNY,20150820,600,  , TS,11.9N,43.5W,60,998,50,30,20,40,20,10,10,20,0,0,0,0
AL042015,              DANNY,20150820,1200,  , HU,12.3N,44.4W,65,995,50,30,30,40,20,20,20,20,10,10,10,10
AL042015,              DANNY,20150820,1800,  , HU,12.8N,45.3W,75,990,50,30,30,40,20,20,20,20,10,10,10,10
AL042015,              DANNY,20150821,0,  , HU,13.2N,46.2W,85,981,50,30,30,40,20,20,20,20,10,10,10,10
AL042015,              DANNY,20150821,600,  , HU,13.5N,47.0W,95,973,50,30,30,40,20,20,20,20,10,10,10,10
AL042015,              DANNY,20150821,1200,  , HU,13.8N,47.8W,110,960,50,30,30,50,30,20,20,30,15,10,10,15
AL042015,              DANNY,20150821,1800,  , HU,14.3N,48.6W,105,966,50,30,30,50,30,20,20,30,15,10,10,15
AL042015,              DANNY,20150822,0,  , HU,14.7N,49.4W,95,973,50,30,30,50,30,20,20,30,15,10,10,15
AL042015,              DANNY,20150822,600,  , HU,15.0N,50.3W,85,980,50,30,30,50,30,20,20,30,15,10,10,15
AL042015,              DANNY,20150822,1200,  , HU,15.3N,51.4W,75,985,50,30,30,50,30,20,20,30,15,10,10,15
AL042015,              DANNY,20150822,1800,  , HU,15.5N,52.7W,65,990,50,30,30,50,30,20,20,30,10,10,0,0
AL042015,              DANNY,20150823,0,  , TS,15.6N,54.0W,55,999,50,30,20,50,20,0,0,20,0,0,0,0
AL042015,              DANNY,20150823,600,  , TS,15.7N,55.3W,50,1001,50,30,20,50,20,0,0,0,0,0,0,0
AL042015,              DANNY,20150823,1200,  , TS,15.7N,56.7W,45,1002,50,30,20,40,0,0,0,0,0,0,0,0
AL042015,              DANNY,20150823,1800,  , TS,15.6N,58.2W,40,1004,50,30,0,40,0,0,0,0,0,0,0,0
AL042015,              DANNY,20150824,0,  , TS,15.6N,59.3W,40,1007,50,30,0,0,0,0,0,0,0,0,0,0
AL042015,              DANNY,20150824,600,  , TS,15.8N,60.4W,35,1008,50,30,0,0,0,0,0,0,0,0,0,0
AL042015,              DANNY,20150824,1200,  , TD,15.8N,61.3W,30,1009,0,0,0,0,0,0,0,0,0,0,0,0
AL052015,              ERIKA,20150824,1800,  , TS,14.3N,45.1W,40,1003,70,70,0,0,0,0,0,0,0,0,0,0
AL052015,              ERIKA,20150825,0,  , TS,14.4N,46.9W,40,1003,70,70,0,0,0,0,0,0,0,0,0,0
AL052015,              ERIKA,20150825,600,  , TS,14.7N,48.6W,40,1003,70,70,0,0,0,0,0,0,0,0,0,0
AL052015,              ERIKA,20150825,1200,  , TS,15.0N,50.2W,40,1003,70,70,0,0,0,0,0,0,0,0,0,0
AL052015,              ERIKA,20150825,1800,  , TS,15.3N,51.9W,35,1004,70,70,0,0,0,0,0,0,0,0,0,0
AL052015,              ERIKA,20150826,0,  , TS,15.7N,53.6W,35,1006,90,70,0,0,0,0,0,0,0,0,0,0
AL052015,              ERIKA,20150826,600,  , TS,15.9N,55.2W,35,1005,90,70,0,0,0,0,0,0,0,0,0,0
AL052015,              ERIKA,20150826,1200,  , TS,16.2N,56.8W,40,1005,90,90,0,0,0,0,0,0,0,0,0,0
AL052015,              ERIKA,20150826,1800,  , TS,16.4N,58.2W,40,1005,90,90,0,0,0,0,0,0,0,0,0,0
AL052015,              ERIKA,20150827,0,  , TS,16.6N,59.5W,40,1006,90,90,0,0,0,0,0,0,0,0,0,0
AL052015,              ERIKA,20150827,600,  , TS,16.5N,60.8W,45,1001,100,100,0,0,0,0,0,0,0,0,0,0
AL052015,              ERIKA,20150827,1200,  , TS,16.5N,62.2W,45,1004,120,120,0,0,0,0,0,0,0,0,0,0
AL052015,              ERIKA,20150827,1800,  , TS,16.6N,63.6W,45,1006,120,120,0,0,0,0,0,0,0,0,0,0
AL052015,              ERIKA,20150828,0,  , TS,17.2N,65.1W,45,1006,120,120,0,0,0,0,0,0,0,0,0,0
AL052015,              ERIKA,20150828,600,  , TS,17.5N,66.8W,45,1006,140,120,0,0,0,0,0,0,0,0,0,0
AL052015,              ERIKA,20150828,1200,  , TS,17.6N,68.6W,45,1008,140,120,0,0,0,0,0,0,0,0,0,0
AL062015,               FRED,20150830,0,  , TD,11.6N,17.5W,30,1007,0,0,0,0,0,0,0,0,0,0,0,0
AL062015,               FRED,20150830,600,  , TS,12.2N,18.4W,35,1005,30,30,0,30,0,0,0,0,0,0,0,0
AL062015,               FRED,20150830,1200,  , TS,13.1N,19.5W,45,1004,50,50,0,30,0,0,0,0,0,0,0,0
AL062015,               FRED,20150830,1800,  , TS,14.0N,20.7W,55,998,60,60,30,50,30,30,10,20,0,0,0,0
AL062015,               FRED,20150831,0,  , HU,14.6N,21.7W,65,992,70,70,50,60,40,40,20,30,10,10,10,10
AL062015,               FRED,20150831,600,  , HU,15.3N,22.5W,70,989,70,70,50,60,40,40,20,30,15,10,10,15
AL062015,               FRED,20150831,1200,  , HU,16.1N,23.3W,75,986,70,70,50,60,40,40,20,30,15,10,10,15
AL062015,               FRED,20150831,1800,  , HU,16.8N,24.1W,70,988,70,70,50,60,40,40,20,30,15,10,10,15
AL062015,               FRED,20150901,0,  , HU,17.4N,24.9W,65,991,70,70,50,60,40,40,20,30,10,10,0,10
AL062015,               FRED,20150901,600,  , TS,17.8N,25.7W,60,994,70,70,40,60,30,30,0,30,0,0,0,0
AL062015,               FRED,20150901,1200,  , TS,18.2N,26.7W,50,1000,70,40,40,70,30,0,0,30,0,0,0,0
AL062015,               FRED,20150901,1800,  , TS,18.7N,27.6W,45,1003,70,40,40,70,0,0,0,0,0,0,0,0
AL062015,               FRED,20150902,0,  , TS,19.1N,28.7W,45,1003,70,40,40,70,0,0,0,0,0,0,0,0
AL062015,               FRED,20150902,600,  , TS,19.3N,29.7W,40,1004,70,40,40,70,0,0,0,0,0,0,0,0
AL062015,               FRED,20150902,1200,  , TS,19.6N,30.5W,40,1005,60,40,0,50,0,0,0,0,0,0,0,0
AL062015,               FRED,20150902,1800,  , TS,20.0N,31.4W,35,1006,60,30,0,50,0,0,0,0,0,0,0,0
AL062015,               FRED,20150903,0,  , TS,20.4N,32.2W,35,1006,60,30,0,50,0,0,0,0,0,0,0,0
AL062015,               FRED,20150903,600,  , TS,20.7N,32.9W,40,1005,60,40,0,40,0,0,0,0,0,0,0,0
AL062015,               FRED,20150903,1200,  , TS,21.3N,33.7W,40,1005,60,40,0,40,0,0,0,0,0,0,0,0
AL062015,               FRED,20150903,1800,  , TS,21.8N,34.9W,35,1005,60,40,0,40,0,0,0,0,0,0,0,0
AL062015,               FRED,20150904,0,  , TS,21.9N,36.0W,35,1005,60,40,0,40,0,0,0,0,0,0,0,0
AL062015,               FRED,20150904,600,  , TS,22.0N,36.9W,35,1005,60,40,0,40,0,0,0,0,0,0,0,0
AL062015,               FRED,20150904,1200,  , TD,22.2N,37.9W,30,1005,0,0,0,0,0,0,0,0,0,0,0,0
AL062015,               FRED,20150904,1800,  , TD,22.4N,38.7W,30,1006,0,0,0,0,0,0,0,0,0,0,0,0
AL062015,               FRED,20150905,0,  , TS,22.7N,39.6W,35,1006,30,0,0,0,0,0,0,0,0,0,0,0
AL062015,               FRED,20150905,600,  , TS,23.0N,40.6W,35,1007,30,0,0,0,0,0,0,0,0,0,0,0
AL062015,               FRED,20150905,1200,  , TD,23.3N,41.5W,30,1008,0,0,0,0,0,0,0,0,0,0,0,0
AL062015,               FRED,20150905,1800,  , TD,23.5N,42.2W,30,1008,0,0,0,0,0,0,0,0,0,0,0,0
AL062015,               FRED,20150906,0,  , TD,23.8N,42.9W,30,1009,0,0,0,0,0,0,0,0,0,0,0,0
AL062015,               FRED,20150906,600,  , TD,24.5N,43.3W,30,1010,0,0,0,0,0,0,0,0,0,0,0,0
AL062015,               FRED,20150906,1200,  , TD,25.3N,43.2W,25,1010,0,0,0,0,0,0,0,0,0,0,0,0
AL072015,              GRACE,20150905,600,  , TD,12.0N,23.1W,25,1010,0,0,0,0,0,0,0,0,0,0,0,0
AL072015,              GRACE,20150905,1200,  , TD,12.2N,24.4W,30,1008,0,0,0,0,0,0,0,0,0,0,0,0
AL072015,              GRACE,20150905,1800,  , TS,12.3N,25.7W,35,1007,30,0,0,30,0,0,0,0,0,0,0,0
AL072015,              GRACE,20150906,0,  , TS,12.4N,26.9W,40,1005,30,0,0,30,0,0,0,0,0,0,0,0
AL072015,              GRACE,20150906,600,  , TS,12.5N,28.0W,45,1002,50,30,30,50,0,0,0,0,0,0,0,0
AL072015,              GRACE,20150906,1200,  , TS,12.7N,29.2W,50,1000,50,30,30,50,20,0,0,0,0,0,0,0
AL072015,              GRACE,20150906,1800,  , TS,12.9N,30.5W,45,1002,50,30,30,50,0,0,0,0,0,0,0,0
AL072015,              GRACE,20150907,0,  , TS,13.2N,31.9W,45,1002,50,30,30,50,0,0,0,0,0,0,0,0
AL072015,              GRACE,20150907,600,  , TS,13.5N,33.4W,45,1002,50,30,30,50,0,0,0,0,0,0,0,0
AL072015,              GRACE,20150907,1200,  , TS,13.7N,35.0W,40,1004,50,20,20,50,0,0,0,0,0,0,0,0
AL072015,              GRACE,20150907,1800,  , TS,13.8N,36.7W,40,1004,50,0,0,50,0,0,0,0,0,0,0,0
AL072015,              GRACE,20150908,0,  , TS,13.9N,38.4W,35,1005,40,0,0,40,0,0,0,0,0,0,0,0
AL072015,              GRACE,20150908,600,  , TS,14.0N,40.1W,35,1005,40,0,0,40,0,0,0,0,0,0,0,0
AL072015,              GRACE,20150908,1200,  , TD,14.0N,41.8W,30,1006,0,0,0,0,0,0,0,0,0,0,0,0
AL072015,              GRACE,20150908,1800,  , TD,14.0N,43.4W,30,1006,0,0,0,0,0,0,0,0,0,0,0,0
AL072015,              GRACE,20150909,0,  , TD,14.0N,44.9W,25,1006,0,0,0,0,0,0,0,0,0,0,0,0
AL072015,              GRACE,20150909,600,  , TD,14.0N,46.4W,25,1006,0,0,0,0,0,0,0,0,0,0,0,0
AL082015,              HENRI,20150908,600,  , LO,31.1N,62.2W,20,1014,0,0,0,0,0,0,0,0,0,0,0,0
AL082015,              HENRI,20150908,1200,  , LO,30.9N,61.9W,25,1012,0,0,0,0,0,0,0,0,0,0,0,0
AL082015,              HENRI,20150908,1800,  , TD,30.8N,61.6W,30,1011,0,0,0,0,0,0,0,0,0,0,0,0
AL082015,              HENRI,20150909,0,  , TS,30.8N,61.4W,35,1009,80,0,0,0,0,0,0,0,0,0,0,0
AL082015,              HENRI,20150909,600,  , TS,30.8N,61.2W,35,1007,80,0,0,0,0,0,0,0,0,0,0,0
AL082015,              HENRI,20150909,1200,  , TS,30.8N,61.0W,40,1005,80,80,0,0,0,0,0,0,0,0,0,0
AL082015,              HENRI,20150909,1800,  , TS,30.9N,60.8W,45,1003,120,120,0,0,0,0,0,0,0,0,0,0
AL082015,              HENRI,20150910,0,  , TS,31.2N,60.8W,45,1003,150,150,0,0,0,0,0,0,0,0,0,0
AL082015,              HENRI,20150910,600,  , TS,31.6N,60.9W,45,1005,150,150,0,0,0,0,0,0,0,0,0,0
AL082015,              HENRI,20150910,1200,  , TS,32.2N,60.9W,40,1006,150,150,0,0,0,0,0,0,0,0,0,0
AL082015,              HENRI,20150910,1800,  , TS,33.2N,60.9W,40,1007,150,150,0,0,0,0,0,0,0,0,0,0
AL082015,              HENRI,20150911,0,  , TS,34.3N,60.7W,40,1009,150,150,0,0,0,0,0,0,0,0,0,0
AL082015,              HENRI,20150911,600,  , TS,35.7N,60.3W,40,1010,150,150,0,0,0,0,0,0,0,0,0,0
AL092015,               NINE,20150915,0,  , LO,11.5N,40.3W,20,1011,0,0,0,0,0,0,0,0,0,0,0,0
AL092015,               NINE,20150915,600,  , LO,11.7N,41.1W,20,1011,0,0,0,0,0,0,0,0,0,0,0,0
AL092015,               NINE,20150915,1200,  , LO,11.9N,41.9W,20,1011,0,0,0,0,0,0,0,0,0,0,0,0
AL092015,               NINE,20150915,1800,  , LO,12.5N,42.4W,20,1011,0,0,0,0,0,0,0,0,0,0,0,0
AL092015,               NINE,20150916,0,  , LO,13.3N,42.7W,25,1010,0,0,0,0,0,0,0,0,0,0,0,0
AL092015,               NINE,20150916,600,  , LO,14.0N,43.1W,25,1009,0,0,0,0,0,0,0,0,0,0,0,0
AL092015,               NINE,20150916,1200,  , TD,14.5N,43.7W,25,1009,0,0,0,0,0,0,0,0,0,0,0,0
AL092015,               NINE,20150916,1800,  , TD,15.0N,44.4W,25,1009,0,0,0,0,0,0,0,0,0,0,0,0
AL092015,               NINE,20150917,0,  , TD,15.3N,44.8W,25,1008,0,0,0,0,0,0,0,0,0,0,0,0
AL092015,               NINE,20150917,600,  , TD,15.6N,45.0W,30,1006,0,0,0,0,0,0,0,0,0,0,0,0
AL092015,               NINE,20150917,1200,  , TD,15.9N,45.1W,30,1006,0,0,0,0,0,0,0,0,0,0,0,0
AL092015,               NINE,20150917,1800,  , TD,16.3N,45.1W,25,1007,0,0,0,0,0,0,0,0,0,0,0,0
AL092015,               NINE,20150918,0,  , TD,16.8N,45.2W,25,1007,0,0,0,0,0,0,0,0,0,0,0,0
AL092015,               NINE,20150918,600,  , TD,17.3N,45.8W,25,1007,0,0,0,0,0,0,0,0,0,0,0,0
AL092015,               NINE,20150918,1200,  , TD,17.6N,46.6W,25,1007,0,0,0,0,0,0,0,0,0,0,0,0
AL092015,               NINE,20150918,1800,  , TD,17.9N,47.3W,25,1007,0,0,0,0,0,0,0,0,0,0,0,0
AL092015,               NINE,20150919,0,  , TD,18.1N,48.1W,25,1008,0,0,0,0,0,0,0,0,0,0,0,0
AL092015,               NINE,20150919,600,  , TD,18.3N,48.8W,25,1009,0,0,0,0,0,0,0,0,0,0,0,0
AL092015,               NINE,20150919,1200,  , TD,18.5N,49.4W,25,1009,0,0,0,0,0,0,0,0,0,0,0,0
AL102015,                IDA,20150915,1200,  , LO,9.4N,24.2W,25,1010,0,0,0,0,0,0,0,0,0,0,0,0
AL102015,                IDA,20150915,1800,  , LO,9.7N,25.5W,25,1010,0,0,0,0,0,0,0,0,0,0,0,0
AL102015,                IDA,20150916,0,  , LO,10.1N,26.6W,25,1010,0,0,0,0,0,0,0,0,0,0,0,0
AL102015,                IDA,20150916,600,  , LO,10.4N,27.6W,25,1010,0,0,0,0,0,0,0,0,0,0,0,0
AL102015,                IDA,20150916,1200,  , LO,10.7N,28.6W,25,1010,0,0,0,0,0,0,0,0,0,0,0,0
AL102015,                IDA,20150916,1800,  , LO,11.0N,29.6W,25,1009,0,0,0,0,0,0,0,0,0,0,0,0
AL102015,                IDA,20150917,0,  , LO,11.3N,30.7W,25,1009,0,0,0,0,0,0,0,0,0,0,0,0
AL102015,                IDA,20150917,600,  , LO,11.6N,31.8W,25,1008,0,0,0,0,0,0,0,0,0,0,0,0
AL102015,                IDA,20150917,1200,  , LO,12.0N,32.9W,25,1008,0,0,0,0,0,0,0,0,0,0,0,0
AL102015,                IDA,20150917,1800,  , LO,12.3N,33.9W,25,1008,0,0,0,0,0,0,0,0,0,0,0,0
AL102015,                IDA,20150918,0,  , LO,12.6N,34.9W,25,1008,0,0,0,0,0,0,0,0,0,0,0,0
AL102015,                IDA,20150918,600,  , TD,12.9N,35.7W,25,1007,0,0,0,0,0,0,0,0,0,0,0,0
AL102015,                IDA,20150918,1200,  , TD,13.2N,36.4W,25,1007,0,0,0,0,0,0,0,0,0,0,0,0
AL102015,                IDA,20150918,1800,  , TD,13.4N,37.0W,30,1006,0,0,0,0,0,0,0,0,0,0,0,0
AL102015,                IDA,20150919,0,  , TS,13.7N,37.6W,35,1005,80,80,0,30,0,0,0,0,0,0,0,0
AL102015,                IDA,20150919,600,  , TS,14.1N,38.4W,35,1005,90,90,0,30,0,0,0,0,0,0,0,0
AL102015,                IDA,20150919,1200,  , TS,14.6N,39.4W,35,1005,90,90,0,30,0,0,0,0,0,0,0,0
AL102015,                IDA,20150919,1800,  , TS,15.1N,40.6W,35,1005,100,100,0,30,0,0,0,0,0,0,0,0
AL102015,                IDA,20150920,0,  , TS,15.6N,41.9W,40,1004,110,110,0,40,0,0,0,0,0,0,0,0
AL102015,                IDA,20150920,600,  , TS,16.2N,43.1W,40,1004,120,120,0,40,0,0,0,0,0,0,0,0
AL102015,                IDA,20150920,1200,  , TS,16.9N,44.4W,40,1004,130,130,0,40,0,0,0,0,0,0,0,0
AL102015,                IDA,20150920,1800,  , TS,17.8N,45.6W,40,1003,140,140,0,40,0,0,0,0,0,0,0,0
AL102015,                IDA,20150921,0,  , TS,18.8N,46.5W,40,1003,150,150,0,40,0,0,0,0,0,0,0,0
AL102015,                IDA,20150921,600,  , TS,19.7N,47.3W,45,1002,150,160,0,40,0,0,0,0,0,0,0,0
AL102015,                IDA,20150921,1200,  , TS,20.5N,48.1W,45,1001,150,170,0,40,0,0,0,0,0,0,0,0
AL102015,                IDA,20150921,1800,  , TS,20.9N,48.7W,45,1001,150,180,0,40,0,0,0,0,0,0,0,0
AL102015,                IDA,20150922,0,  , TS,21.3N,48.9W,40,1002,150,180,0,40,0,0,0,0,0,0,0,0
AL102015,                IDA,20150922,600,  , TS,21.4N,48.5W,40,1002,140,170,0,40,0,0,0,0,0,0,0,0
AL102015,                IDA,20150922,1200,  , TS,21.4N,47.9W,40,1002,130,160,0,40,0,0,0,0,0,0,0,0
AL102015,                IDA,20150922,1800,  , TS,21.1N,47.4W,40,1003,130,160,0,40,0,0,0,0,0,0,0,0
AL102015,                IDA,20150923,0,  , TS,20.9N,47.2W,35,1004,120,150,0,40,0,0,0,0,0,0,0,0
AL102015,                IDA,20150923,600,  , TS,20.6N,47.2W,35,1004,120,140,0,40,0,0,0,0,0,0,0,0
AL102015,                IDA,20150923,1200,  , TS,20.3N,47.2W,35,1004,120,130,0,40,0,0,0,0,0,0,0,0
AL102015,                IDA,20150923,1800,  , TS,19.9N,46.9W,35,1004,120,130,0,0,0,0,0,0,0,0,0,0
AL102015,                IDA,20150924,0,  , TS,19.7N,46.4W,35,1004,0,120,0,0,0,0,0,0,0,0,0,0
AL102015,                IDA,20150924,600,  , TD,19.7N,45.7W,30,1005,0,0,0,0,0,0,0,0,0,0,0,0
AL102015,                IDA,20150924,1200,  , TD,20.0N,45.2W,30,1005,0,0,0,0,0,0,0,0,0,0,0,0
AL102015,                IDA,20150924,1800,  , TD,20.5N,45.0W,30,1005,0,0,0,0,0,0,0,0,0,0,0,0
AL102015,                IDA,20150925,0,  , TD,21.0N,45.0W,30,1006,0,0,0,0,0,0,0,0,0,0,0,0
AL102015,                IDA,20150925,600,  , TD,21.4N,45.0W,30,1006,0,0,0,0,0,0,0,0,0,0,0,0
AL102015,                IDA,20150925,1200,  , TD,21.8N,45.1W,30,1006,0,0,0,0,0,0,0,0,0,0,0,0
AL102015,                IDA,20150925,1800,  , TD,22.2N,45.2W,30,1006,0,0,0,0,0,0,0,0,0,0,0,0
AL102015,                IDA,20150926,0,  , TD,22.6N,45.5W,30,1006,0,0,0,0,0,0,0,0,0,0,0,0
AL102015,                IDA,20150926,600,  , TD,23.1N,45.8W,30,1006,0,0,0,0,0,0,0,0,0,0,0,0
AL102015,                IDA,20150926,1200,  , TD,23.6N,46.2W,30,1006,0,0,0,0,0,0,0,0,0,0,0,0
AL102015,                IDA,20150926,1800,  , TD,24.0N,46.7W,30,1006,0,0,0,0,0,0,0,0,0,0,0,0
AL102015,                IDA,20150927,0,  , TD,24.3N,47.2W,30,1006,0,0,0,0,0,0,0,0,0,0,0,0
AL102015,                IDA,20150927,600,  , TD,24.5N,47.7W,25,1007,0,0,0,0,0,0,0,0,0,0,0,0
AL102015,                IDA,20150927,1200,  , LO,24.6N,48.1W,25,1007,0,0,0,0,0,0,0,0,0,0,0,0
AL102015,                IDA,20150927,1800,  , LO,24.5N,48.7W,25,1007,0,0,0,0,0,0,0,0,0,0,0,0
AL102015,                IDA,20150928,0,  , LO,24.1N,49.3W,20,1008,0,0,0,0,0,0,0,0,0,0,0,0
AL112015,            JOAQUIN,20150926,1800,  , LO,26.8N,68.7W,20,1011,0,0,0,0,0,0,0,0,0,0,0,0
AL112015,            JOAQUIN,20150927,0,  , LO,26.9N,68.6W,20,1011,0,0,0,0,0,0,0,0,0,0,0,0
AL112015,            JOAQUIN,20150927,600,  , LO,27.0N,68.5W,20,1010,0,0,0,0,0,0,0,0,0,0,0,0
AL112015,            JOAQUIN,20150927,1200,  , LO,27.1N,68.6W,25,1009,0,0,0,0,0,0,0,0,0,0,0,0
AL112015,            JOAQUIN,20150927,1800,  , LO,27.2N,68.8W,30,1007,0,0,0,0,0,0,0,0,0,0,0,0
AL112015,            JOAQUIN,20150928,0,  , TD,27.4N,69.0W,30,1007,0,0,0,0,0,0,0,0,0,0,0,0
AL112015,            JOAQUIN,20150928,600,  , TD,27.6N,69.3W,30,1007,0,0,0,0,0,0,0,0,0,0,0,0
AL112015,            JOAQUIN,20150928,1200,  , TD,27.7N,69.7W,30,1006,0,0,0,0,0,0,0,0,0,0,0,0
AL112015,            JOAQUIN,20150928,1800,  , TD,27.4N,70.0W,30,1003,0,0,0,0,0,0,0,0,0,0,0,0
AL112015,            JOAQUIN,20150929,0,  , TS,26.9N,70.1W,35,1002,0,60,0,0,0,0,0,0,0,0,0,0
AL112015,            JOAQUIN,20150929,600,  , TS,26.5N,70.3W,35,1002,0,60,0,0,0,0,0,0,0,0,0,0
AL112015,            JOAQUIN,20150929,1200,  , TS,26.2N,70.5W,45,999,0,70,0,0,0,0,0,0,0,0,0,0
AL112015,            JOAQUIN,20150929,1800,  , TS,26.0N,70.8W,55,992,60,80,0,0,30,50,0,0,0,0,0,0
AL112015,            JOAQUIN,20150930,0,  , TS,25.8N,71.3W,60,985,70,80,30,30,40,50,0,0,0,0,0,0
AL112015,            JOAQUIN,20150930,600,  , HU,25.4N,71.8W,65,978,80,90,40,40,40,50,30,30,30,30,20,20
AL112015,            JOAQUIN,20150930,1200,  , HU,24.9N,72.2W,70,971,90,110,60,60,40,50,30,30,30,30,20,20
AL112015,            JOAQUIN,20150930,1800,  , HU,24.4N,72.5W,80,961,100,120,80,80,40,50,30,30,30,30,20,20
AL112015,            JOAQUIN,20151001,0,  , HU,23.9N,72.9W,100,951,100,130,90,90,40,50,30,40,30,30,20,20
AL112015,            JOAQUIN,20151001,600,  , HU,23.5N,73.3W,110,947,110,140,100,100,50,60,40,40,30,30,25,25
AL112015,            JOAQUIN,20151001,1200, L, HU,23.1N,73.7W,115,942,110,150,120,110,60,60,40,50,35,30,30,30
AL112015,            JOAQUIN,20151001,1800,  , HU,23.0N,74.2W,115,936,110,160,130,110,60,70,50,60,40,35,35,35
AL112015,            JOAQUIN,20151002,0,  , HU,22.9N,74.4W,120,931,120,170,130,120,70,70,60,70,40,35,40,40
AL112015,            JOAQUIN,20151002,600,  , HU,23.0N,74.7W,120,935,120,180,140,120,80,80,60,70,45,40,40,40
AL112015,            JOAQUIN,20151002,1200,  , HU,23.4N,74.8W,115,937,130,180,140,120,80,80,70,70,45,45,45,45
AL112015,            JOAQUIN,20151002,1600, L, HU,23.6N,74.8W,110,940,130,180,140,120,80,80,70,70,45,45,45,45
AL112015,            JOAQUIN,20151002,1800,  , HU,23.8N,74.7W,110,941,140,180,140,120,80,80,70,70,50,45,45,45
AL112015,            JOAQUIN,20151002,2100, L, HU,24.1N,74.5W,110,942,140,180,140,120,80,80,70,70,50,45,45,45
AL112015,            JOAQUIN,20151003,0,  , HU,24.3N,74.3W,115,943,140,180,140,120,80,90,70,70,50,50,45,45
AL112015,            JOAQUIN,20151003,600,  , HU,24.8N,73.6W,120,945,150,180,140,120,80,90,60,60,50,50,40,45
AL112015,            JOAQUIN,20151003,1200,  , HU,25.4N,72.6W,135,934,150,180,130,110,80,90,60,60,45,55,40,40
AL112015,            JOAQUIN,20151003,1800,  , HU,26.3N,71.0W,130,934,160,180,130,110,70,90,60,50,45,55,40,40
AL112015,            JOAQUIN,20151004,0,  , HU,27.4N,69.5W,115,941,160,180,130,110,70,90,50,50,40,50,35,35
AL112015,            JOAQUIN,20151004,600,  , HU,28.9N,68.3W,105,949,160,180,120,110,70,90,50,40,40,50,35,30
AL112015,            JOAQUIN,20151004,1200,  , HU,30.4N,67.2W,95,956,160,170,120,110,60,80,50,40,35,50,35,30
AL112015,            JOAQUIN,20151004,1800,  , HU,31.6N,66.5W,85,958,170,170,120,110,60,80,50,40,35,45,30,25
AL112015,            JOAQUIN,20151005,0,  , HU,32.6N,66.0W,75,961,170,170,130,120,60,80,50,40,35,40,30,20
AL112015,            JOAQUIN,20151005,600,  , HU,33.6N,65.6W,75,964,170,170,130,120,60,70,50,50,35,40,30,20
AL112015,            JOAQUIN,20151005,1200,  , HU,34.4N,65.2W,75,964,170,170,140,130,70,70,50,50,35,35,30,20
AL112015,            JOAQUIN,20151005,1800,  , HU,35.3N,64.5W,75,964,170,170,150,130,70,80,50,50,35,35,25,20
AL112015,            JOAQUIN,20151006,0,  , HU,36.2N,63.6W,75,967,160,180,160,140,80,80,60,60,35,35,25,25
AL112015,            JOAQUIN,20151006,600,  , HU,37.0N,62.3W,75,970,160,180,170,150,90,90,70,60,40,35,25,30
AL112015,            JOAQUIN,20151006,1200,  , HU,37.9N,60.4W,70,974,160,190,190,150,90,100,80,70,40,40,25,30
AL112015,            JOAQUIN,20151006,1800,  , HU,38.8N,58.0W,70,974,160,190,200,150,90,110,90,70,40,40,25,30
AL112015,            JOAQUIN,20151007,0,  , HU,39.6N,54.9W,70,974,160,200,220,160,90,120,100,80,40,45,25,30
AL112015,            JOAQUIN,20151007,600,  , HU,40.3N,51.5W,65,977,160,210,230,160,90,140,120,80,40,50,30,0
AL112015,            JOAQUIN,20151007,1200,  , TS,41.0N,47.5W,60,977,160,230,250,160,0,150,130,80,0,0,0,0
AL112015,            JOAQUIN,20151007,1800,  , TS,41.5N,43.3W,60,977,160,240,260,160,0,160,140,80,0,0,0,0
AL112015,            JOAQUIN,20151008,0,  , LO,41.9N,39.1W,55,977,160,250,270,150,0,160,150,0,0,0,0,0
AL112015,            JOAQUIN,20151008,600,  , LO,42.4N,35.0W,50,977,170,260,270,140,0,160,160,0,0,0,0,0
AL112015,            JOAQUIN,20151008,1200,  , LO,43.0N,31.0W,45,980,180,270,280,140,0,0,0,0,0,0,0,0
AL112015,            JOAQUIN,20151008,1800,  , LO,43.5N,27.3W,45,984,180,280,270,140,0,0,0,0,0,0,0,0
AL112015,            JOAQUIN,20151009,0,  , EX,43.9N,24.1W,45,987,190,280,270,130,0,0,0,0,0,0,0,0
AL112015,            JOAQUIN,20151009,600,  , EX,44.1N,21.9W,45,988,190,290,250,130,0,0,0,0,0,0,0,0
AL112015,            JOAQUIN,20151009,1200,  , EX,44.2N,19.9W,45,988,200,280,230,140,0,0,0,0,0,0,0,0
AL112015,            JOAQUIN,20151009,1800,  , EX,44.1N,18.2W,40,989,200,270,210,160,0,0,0,0,0,0,0,0
AL112015,            JOAQUIN,20151010,0,  , EX,43.8N,16.4W,35,992,200,260,200,200,0,0,0,0,0,0,0,0
AL112015,            JOAQUIN,20151010,600,  , EX,43.4N,15.0W,35,993,200,230,240,240,0,0,0,0,0,0,0,0
AL112015,            JOAQUIN,20151010,1200,  , EX,43.1N,13.9W,35,996,180,200,0,0,0,0,0,0,0,0,0,0
AL112015,            JOAQUIN,20151010,1800,  , EX,42.8N,12.9W,30,998,0,0,0,0,0,0,0,0,0,0,0,0
AL112015,            JOAQUIN,20151011,0,  , EX,42.5N,12.0W,30,999,0,0,0,0,0,0,0,0,0,0,0,0
AL112015,            JOAQUIN,20151011,600,  , EX,42.2N,11.3W,30,1000,0,0,0,0,0,0,0,0,0,0,0,0
AL112015,            JOAQUIN,20151011,1200,  , EX,41.8N,10.8W,35,1001,0,0,0,120,0,0,0,0,0,0,0,0
AL112015,            JOAQUIN,20151011,1800,  , EX,41.2N,10.5W,35,1001,0,0,140,140,0,0,0,0,0,0,0,0
AL112015,            JOAQUIN,20151012,0,  , EX,40.4N,10.2W,35,1002,0,0,120,140,0,0,0,0,0,0,0,0
AL112015,            JOAQUIN,20151012,600,  , EX,39.8N,9.7W,35,1002,0,0,120,140,0,0,0,0,0,0,0,0
AL112015,            JOAQUIN,20151012,1200,  , EX,39.5N,9.1W,35,1003,0,0,120,140,0,0,0,0,0,0,0,0
AL112015,            JOAQUIN,20151012,1800,  , EX,39.1N,8.8W,30,1005,0,0,0,0,0,0,0,0,0,0,0,0
AL112015,            JOAQUIN,20151013,0,  , EX,38.6N,8.9W,25,1007,0,0,0,0,0,0,0,0,0,0,0,0
AL112015,            JOAQUIN,20151013,600,  , EX,38.0N,9.1W,20,1009,0,0,0,0,0,0,0,0,0,0,0,0
AL112015,            JOAQUIN,20151013,1200,  , EX,37.3N,9.2W,20,1010,0,0,0,0,0,0,0,0,0,0,0,0
AL112015,            JOAQUIN,20151013,1800,  , EX,36.6N,9.1W,20,1010,0,0,0,0,0,0,0,0,0,0,0,0
AL112015,            JOAQUIN,20151014,0,  , EX,36.0N,9.0W,20,1011,0,0,0,0,0,0,0,0,0,0,0,0
AL112015,            JOAQUIN,20151014,600,  , EX,35.5N,8.7W,20,1011,0,0,0,0,0,0,0,0,0,0,0,0
AL112015,            JOAQUIN,20151014,1200,  , EX,35.1N,8.4W,20,1011,0,0,0,0,0,0,0,0,0,0,0,0
AL112015,            JOAQUIN,20151014,1800,  , EX,35.0N,8.0W,15,1012,0,0,0,0,0,0,0,0,0,0,0,0
AL112015,            JOAQUIN,20151015,0,  , EX,35.2N,7.7W,15,1012,0,0,0,0,0,0,0,0,0,0,0,0
AL122015,               KATE,20151108,1800,  , TD,22.2N,71.5W,30,1010,0,0,0,0,0,0,0,0,0,0,0,0
AL122015,               KATE,20151109,0,  , TD,22.8N,72.6W,30,1010,0,0,0,0,0,0,0,0,0,0,0,0
AL122015,               KATE,20151109,600,  , TS,23.4N,73.7W,35,1010,50,0,0,30,0,0,0,0,0,0,0,0
AL122015,               KATE,20151109,1200,  , TS,24.1N,74.8W,40,1008,60,0,0,30,0,0,0,0,0,0,0,0
AL122015,               KATE,20151109,1800,  , TS,25.0N,75.7W,45,1008,70,0,0,30,0,0,0,0,0,0,0,0
AL122015,               KATE,20151110,0,  , TS,26.4N,76.2W,50,1006,70,50,0,20,20,0,0,0,0,0,0,0
AL122015,               KATE,20151110,600,  , TS,28.0N,76.2W,55,1003,70,50,20,20,20,0,0,0,0,0,0,0
AL122015,               KATE,20151110,1200,  , TS,29.5N,75.4W,60,998,70,70,20,20,20,10,0,0,0,0,0,0
AL122015,               KATE,20151110,1800,  , TS,31.2N,74.0W,60,993,70,70,20,20,20,10,0,0,0,0,0,0
AL122015,               KATE,20151111,0,  , HU,33.1N,71.3W,65,990,80,80,60,20,20,30,0,0,0,20,0,0
AL122015,               KATE,20151111,600,  , HU,35.2N,67.6W,70,985,80,100,100,20,30,60,0,0,0,20,0,0
AL122015,               KATE,20151111,1200,  , HU,36.2N,62.5W,75,980,120,180,180,50,60,90,60,0,0,30,0,0
AL122015,               KATE,20151111,1800,  , HU,37.6N,58.2W,65,980,150,200,180,60,60,90,60,0,0,40,0,0
AL122015,               KATE,20151112,0,  , EX,38.9N,55.0W,65,980,180,210,180,90,90,110,60,0,0,40,0,0
AL122015,               KATE,20151112,600,  , EX,40.0N,52.0W,65,980,220,220,180,120,120,120,60,0,0,40,0,0
AL122015,               KATE,20151112,1200,  , EX,41.3N,50.4W,55,981,220,220,180,120,120,120,60,0,0,0,0,0
AL122015,               KATE,20151112,1800,  , EX,41.9N,49.9W,55,983,220,220,180,120,120,120,60,0,0,0,0,0
AL122015,               KATE,20151113,0,  , EX,41.5N,49.2W,50,985,540,520,200,220,120,120,60,0,0,0,0,0
AL122015,               KATE,20151113,600,  , EX,40.8N,47.5W,45,985,620,460,180,220,0,0,0,0,0,0,0,0
AL122015,               KATE,20151113,1200,  , EX,40.7N,45.4W,45,987,710,400,150,220,0,0,0,0,0,0,0,0